1621
590
2248
2147
2114
2209
1971
2674
1474
1026
2889
375
626
465
2423
203
1472
1796
1096
2066
2571
2702
2855
2701
20
126
2613
1334
1328
992
2820
2139
2817
1593
66
2462
863
2603
2581
1652
1372
2551
1044
716
153
405
1735
2714
2314
2113
1268
2874
2267
1099
1652
665
768
2206
947
1268
2246
1060
1340
102
2185
1865
378
647
926
93
605
203
1
1910
2409
1184
789
852
2141
583
1741
743
2808
1694
2639
2979
2839
1436
375
193
1160
1675
2768
2803
2475
551
1180
2739
1603
1355
857
1869
546
2782
2142
2498
1490
2890
2530
342
2809
2066
922
2582
2846
2046
1690
450
2959
2446
2737
2052
910
2196
829
1846
885
1555
2217
2233
1211
483
68
318
2796
1847
1900
21
645
244
485
276
403
216
807
121
2233
2835
665
1802
1309
521
585
568
2790
1472
2389
555
684
2550
1483
2958
517
2851
1148
1343
1080
434
2450
546
2499
1219
1265
1600
1291
8
1994
771
1776
1074
1645
2343
1677
906
1382
2763
2659
2639
2912
2257
47
2978
1368
1562
267
2356
2154
1637
2233
2062
1834
248
1132
1215
2063
1216
1664
1855
1253
2535
1655
2440
947
2579
653
347
258
464
2407
2894
591
2335
80
342
560
2777
1650
94
2630
2851
1449
1299
1860
691
2102
2943
491
1893
1926
1910
2962
1161
786
1374
344
1075
2357
916
2193
1936
2519
1562
1145
1858
1815
1607
2191
1129
366
1101
2433
2694
1041
48
87
2549
2819
2289
2898
1479
1665
1957
2920
2712
76
1723
2189
456
149
1605
120
1500
632
1428
1963
147
2575
119
1922
1520
1732
2638
554
605
396
2467
2207
2681
480
1267
1887
1791
888
2347
1146
2955
616
2340
2536
1384
2038
2392
707
2257
2761
2984
2649
1511
18
46
288
2361
1661
2159
686
39
361
1899
46
2821
2999
1135
2686
1771
2506
1448
179
1382
957
2731
2694
1954
739
703
1646
1179
2265
1178
797
1041
2803
1122
1448
715
1594
631
886
1596
1523
1498
2735
2192
2700
2415
1344
706
202
853
1296
1366
2939
2781
1793
1752
340
1198
2829
643
512
1041
1861
1308
1248
856
2716
2049
313
251
41
2757
1103
1267
1728
559
67
1975
1376
600
590
2081
2243
1631
1578
1221
1671
2192
881
2354
228
1416
1198
2734
1285
2836
1214
728
2618
1482
1271
1658
746
772
630
1742
2506
2558
1932
2956
2937
2048
2357
1047
2342
140
1059
1071
390
2947
1248
1220
2349
1300
1729
1952
100
1213
2877
1787
2800
2812
2268
1617
2473
33
2240
310
146
558
1419
29
2575
1421
450
737
171
616
1397
1383
1054
1324
989
1717
2978
2154
1083
1719
1142
1117
1273
2230
1081
1880
2559
361
524
2852
2933
757
854
2515
2407
1110
1089
816
779
2984
139
2029
1506
340
1384
2156
2882
1587
2807
2969
1398
1092
272
2533
1242
2273
1663
1429
800
406
234
2540
1012
2022
314
1763
345
749
1243
2147
2610
2447
698
1040
2882
904
463
2234
849
987
4
1692
1333
485
2111
1633
764
1180
734
1749
159
1807
120
2588
1030
337
1781
1891
2345
2210
2375
1947
2736
1819
2210
2140
2070
2760
2909
987
285
2420
2049
520
1444
2819
415
1979
583
1880
1863
1323
1977
1342
2555
2122
1286
1861
1924
2664
2981
2186
1518
147
325
2575
2748
2015
1388
2885
240
1158
50
1776
1705
37
1770
1081
77
2936
397
1652
2591
2048
105
1321
1320
2299
3000
773
2658
150
995
2189
1497
1640
674
369
1456
2623
1925
1345
412
424
2948
2916
1287
2269
1676
2270
2928
126
1054
1430
525
1068
2666
208
279
618
1846
821
2244
918
2297
759
2014
396
2828
1334
1074
510
1498
1357
199
2664
2724
2348
1416
2389
2627
2017
212
374
1277
2348
1768
1417
102
541
2796
1773
1520
656
2857
1087
1376
2493
2372
1324
1873
2867
1991
800
2170
1684
2919
903
1492
852
223
335
226
2989
1799
2367
2584
2482
2811
108
420
2177
2617
1123
649
1729
77
131
2801
1205
2355
728
1826
2680
1889
2773
2988
451
75
2734
444
270
2148
526
480
1437
2847
2224
2018
212
919
2811
2571
2673
1766
488
529
2243
2836
1974
1632
1793
704
2460
2366
1768
1309
1650
1059
2988
1095
2899
75
2334
1321
1892
943
2766
670
1124
925
114
1816
2508
1765
1091
420
350
2944
1626
260
769
630
944
2712
1563
487
431
193
2564
2924
2788
1229
2705
1454
1410
504
249
1900
933
1400
634
5
2393
1105
46
2145
656
2067
739
799
397
1033
2264
2668
2132
740
1355
2794
1848
775
1894
2087
1211
581
922
2079
1892
750
131
1595
529
1566
2614
1841
815
2564
473
779
2012
678
2478
973
1466
2292
2214
1909
748
2203
1019
909
382
31
2775
2731
1147
2105
2018
384
603
2709
2676
1134
751
1809
1877
60
2460
1554
2729
356
2839
2782
285
1246
969
2539
2844
2188
2052
1925
948
2197
473
2281
276
2903
1827
2685
583
2965
724
671
1206
2343
2518
1229
1208
2316
748
2598
2047
2933
557
649
939
2257
1104
1814
1151
1652
1157
1997
45
2440
1050
2147
2877
1523
1999
1289
2549
1963
1513
1106
2056
298
143
2609
1956
1832
1266
1512
493
280
2056
429
1587
11
1276
674
1980
1510
1801
601
413
72
2819
2087
1663
887
128
2562
1791
56
2800
30
1923
2367
1580
874
1885
1277
1640
573
2234
639
301
2690
2468
2649
265
2101
511
2500
2185
2328
2291
172
1830
2696
1549
1519
767
2915
1744
2906
125
566
1560
1923
1023
1945
1067
2552
1629
2020
770
365
122
2664
2260
2407
1325
226
463
742
238
2560
472
1850
1586
574
2280
1845
457
1364
2047
844
1875
2826
1701
2080
2936
2698
1946
2949
492
1530
1883
2401
1254
165
1558
404
1101
2090
389
2358
151
2447
2601
591
1823
2991
128
417
669
1750
2014
2170
1514
1934
110
582
2249
925
2248
2557
299
1794
2162
1707
706
2732
2852
1549
2122
2397
600
321
1856
67
113
347
2457
1131
688
1105
524
2325
991
948
2174
1755
2334
1079
555
1722
1450
1265
952
2918
775
1702
1057
937
29
2005
2658
1264
2576
2844
1129
610
538
919
2551
1577
2486
321
1852
1701
783
7
862
2464
2686
2988
26
2199
254
1901
2416
2490
1702
781
2354
508
823
15
1193
80
2565
615
2582
169
671
136
2253
2095
2757
2727
2417
3000
2403
969
76
2199
1419
1178
2581
173
1154
426
138
2094
2741
1151
730
2722
2107
2687
2844
2811
2991
1191
1980
2469
1868
2102
1469
1527
2340
122
2704
2197
1848
2266
854
619
1957
2785
2414
1052
811
2234
2169
2571
2757
808
2065
1854
215
566
1007
934
1261
264
1680
2003
346
947
2943
2658
69
2590
735
1301
407
647
2325
262
1202
1771
590
2091
1779
1393
724
1239
2312
107
1823
239
1247
2957
2528
158
2183
345
1457
2606
51
2457
2352
582
2739
2052
2666
2139
1455
2500
273
77
1008
1461
677
1665
2044
2505
2688
1313
1199
1321
929
1341
2894
1388
1488
65
577
2695
1168
307
1050
536
748
1923
2928
2762
162
2710
570
2978
980
683
2832
2433
2774
2156
2638
2596
1073
409
2418
2044
1295
2842
2854
97
829
204
2481
1189
1744
1031
2914
1811
2003
2590
1261
221
2615
2084
2525
2029
2105
2687
1763
976
2985
623
859
2500
2311
602
2295
1848
2893
1512
1437
1758
2939
1048
784
1770
2237
246
1125
262
955
1360
484
180
1335
856
598
1530
59
2491
602
1280
2200
1581
808
2304
2864
354
75
1267
194
377
278
699
634
1830
1184
2181
2884
2251
237
2604
1089
2392
2360
995
2850
2486
1888
887
1852
2966
1033
719
2
2728
1883
2359
2247
1851
551
2531
2148
1956
1839
2622
2379
2174
1228
2993
1872
1060
549
963
767
2824
2679
2965
2858
2623
487
441
1950
2371
217
734
33
698
765
2737
1103
115
1953
2450
252
35
1097
1239
1249
1391
1399
1645
1599
1524
2344
870
1652
1724
612
1666
643
1648
210
2582
626
716
1142
863
2252
957
323
2419
757
1512
120
1873
1163
925
997
2795
1404
1
2178
1199
69
1914
1319
1776
1854
1363
148
2160
2221
1215
155
2845
2633
2483
1346
2654
2562
1944
1521
229
1088
694
2581
1904
2195
470
2849
1202
1835
2396
2060
1
1508
2957
22
123
311
1811
139
1266
1068
2094
1089
974
2033
1750
722
1125
615
776
2542
1282
1971
1594
2812
1001
1083
2240
2592
67
2549
2423
1629
1302
1808
1006
2335
291
1356
2286
1878
5
52
1371
665
1115
1324
183
1093
1131
904
2756
1433
542
892
2488
1855
1991
1849
784
2618
17
1096
1776
2775
1375
1273
1965
2293
1139
1363
1932
2206
1902
2349
104
303
126
482
2506
1679
517
2817
1627
2491
953
699
2106
1560
859
84
459
2352
1557
1251
326
1895
381
1742
554
1485
1007
621
316
461
2620
2174
11
2432
737
2658
2518
1067
946
463
1166
917
2464
840
2555
586
1066
1038
1757
1369
116
1141
1640
205
640
2316
1892
2427
65
36
1197
630
1764
2469
2248
2788
1574
1616
2002
2614
544
2098
567
600
2313
1590
15
2867
2632
2617
1483
1594
97
2251
2276
1751
1111
1476
1582
1347
428
1959
2025
2250
918
2414
900
823
812
2291
956
1072
2027
101
451
1265
639
2281
1930
2519
624
1316
2197
315
1334
1472
2084
2793
466
159
1827
729
1675
2036
1400
1976
2426
2570
2133
791
889
558
1799
2335
288
1230
1894
2296
1547
141
1322
2344
2974
2548
180
2301
2175
2265
605
972
1792
2932
1355
1489
2915
2290
2940
609
96
475
2160
2332
1935
1015
1964
137
2603
309
2841
1139
404
939
2697
2343
580
522
2680
2313
2377
641
581
1941
334
1518
2055
472
1121
2426
2728
483
2214
1668
564
2071
900
1897
708
1469
2275
1861
744
1960
993
358
1971
2842
2524
440
2063
1993
1532
1305
1151
2527
753
875
1683
1880
1350
2594
2862
2450
2161
367
249
2518
1052
2717
1734
154
647
441
1249
2633
279
2790
2808
797
108
1400
1754
2181
1001
192
2675
2487
1119
2297
1313
1555
1681
737
385
1832
1841
705
2573
346
2648
1167
900
2259
796
1577
688
170
2484
348
1626
1875
2
491
29
2260
2112
1070
2012
273
2468
1270
305
293
320
1857
603
1270
2428
987
821
2457
620
1964
1729
1692
945
437
391
2529
1424
696
2344
2048
484
424
2007
1977
1932
561
2467
1842
2797
1985
748
141
112
2155
731
438
132
2427
2523
689
2244
846
1015
988
200
232
1485
1129
1250
1860
1991
1907
1021
2235
2087
1760
2649
2872
2581
962
1991
2717
2057
2998
1499
819
2081
2986
632
1248
487
750
1182
1021
2786
1359
1580
1504
2431
2415
354
1856
2319
855
808
1399
1114
1438
1315
766
424
799
1046
758
54
1353
2714
1972
431
776
2374
2183
2470
2809
574
1581
842
1226
720
1073
493
8
1220
839
532
1757
2165
2164
1526
978
1365
891
2050
2775
876
1428
1175
957
1201
2633
2860
14
1805
2357
1916
352
2132
294
1755
2543
693
588
114
2483
85
1102
525
1513
1488
2595
1714
514
2726
1991
1509
2467
864
2643
1595
278
1451
966
1630
2871
1103
80
2219
975
1996
1494
2574
2246
1194
1543
1752
1525
2202
2186
583
1365
1556
448
2346
497
1486
778
1866
1372
767
1604
275
1685
2557
2183
1617
2015
2583
1656
2733
1671
2576
1359
482
712
1836
1302
1822
710
2801
2111
2027
1181
1943
1348
2970
281
1406
2082
2826
1895
1852
1931
455
735
1651
724
1513
2404
1991
111
625
1210
2755
1824
655
1047
804
1157
2635
1666
975
1946
1832
267
1101
2820
2769
783
794
2341
1206
2660
1357
1491
1119
1146
1375
2154
2190
1009
1393
1134
192
2949
1789
1351
2917
2066
1464
1073
1295
619
1635
2873
562
2311
2513
2725
1892
1781
2318
820
25
806
1602
676
2738
339
800
1440
1983
2508
1905
2421
1718
1476
2405
1324
147
2963
2248
1736
1003
1781
2705
2529
2606
311
2362
1218
921
80
2132
2531
150
737
2851
331
2874
1037
2642
829
2144
150
322
2577
1273
1688
2199
2883
178
359
393
2409
481
1577
2126
2972
1832
875
1653
1623
2702
213
2952
2718
2817
2016
2180
281
407
2432
2536
309
2268
964
715
2519
1265
1980
108
2223
2993
1153
1588
2353
487
2705
931
2038
1378
1993
2049
727
1632
493
2720
1719
2536
2928
2390
1663
2620
803
2824
2971
2753
112
1758
1264
137
2776
2255
182
2167
859
2894
448
1792
1396
1235
2642
675
1629
2843
1961
103
1167
2622
1165
2241
2224
690
2772
517
2491
1233
2312
1021
2675
2567
396
2048
449
1232
1650
1656
2319
2223
2724
1392
1203
2832
287
1677
953
2835
1857
1394
2638
2199
1768
302
66
253
1366
565
226
988
682
1012
1658
2905
682
1201
2973
1387
2954
1496
2965
1615
399
1018
2188
1247
2775
211
1139
1696
2270
2201
1144
2714
580
2672
775
1241
10
1638
1036
1937
2797
1764
782
2700
52
684
2151
299
2152
719
1239
869
455
930
1901
68
1873
601
1192
1398
2396
664
1148
2721
372
136
2069
895
2990
552
1666
1774
1498
1388
459
776
2168
2990
1666
1932
2043
2859
1100
1408
386
240
1633
2017
2531
1795
188
2213
461
256
148
242
640
1166
864
450
1902
342
2204
2671
1329
1225
1242
2637
1582
384
635
505
1065
1094
1656
395
2132
1065
1942
1276
2273
729
566
459
2974
2925
2767
1354
606
1127
2230
2704
2582
2920
455
370
582
773
2185
671
1792
523
1726
1377
2649
20
1103
489
229
2704
1284
1640
262
1767
1224
1838
122
144
1373
2459
2097
1650
603
1914
136
2163
1273
1548
2734
2249
2887
2273
1315
1367
1535
701
1320
433
1571
1212
165
1093
296
1830
671
1742
992
2240
2345
358
1293
437
299
1542
556
2176
116
526
2546
2490
612
1463
1607
587
2743
849
2854
2050
1854
1647
2334
700
350
1061
299
1143
2934
1843
1728
1350
1338
1223
2696
1250
2041
108
535
282
376
566
1397
516
1564
2026
2607
2271
2953
660
519
2769
2697
1132
412
427
21
2424
2475
2745
1047
1370
1937
2021
2928
1841
2784
2785
2994
805
2839
337
2610
329
2695
1906
1803
1406
1542
1635
2071
1690
612
1126
1893
1546
387
2490
2519
971
476
2572
953
809
2582
2404
788
2697
378
2570
2475
1362
385
247
523
2183
1461
1521
2760
647
408
1326
667
709
827
415
530
1117
2961
2577
2202
1770
717
728
57
2449
2139
2325
888
2395
1526
354
2629
617
876
873
2627
483
2169
2417
2226
2377
2094
2336
1096
2730
1660
2570
2873
2416
1254
1809
1570
1825
527
1555
1491
2539
1719
529
390
1972
640
1337
2236
1997
899
2318
1067
271
2182
2150
244
2210
252
2676
2665
1709
2542
380
615
149
2078
880
2244
1605
984
2764
2486
1569
369
278
2019
2132
2943
2888
1207
561
1169
2656
1786
1885
2882
720
955
859
2755
2426
2933
520
2416
1094
1686
866
2157
986
2031
2501
128
2893
397
411
1958
991
2933
1991
2747
433
313
2820
2204
70
325
323
846
2589
330
1723
2766
2936
2714
153
1238
935
1270
2745
854
1725
2420
2156
2704
167
2581
24
2154
2133
527
2609
470
2736
702
2059
1920
473
870
596
2796
1623
2858
653
1936
2359
1201
2511
490
610
1032
748
1038
2960
1872
1789
1732
1210
1637
2333
1412
266
2802
131
1947
2200
280
2357
2775
1693
1363
2381
852
2977
2958
1609
2684
707
1436
2723
1992
1308
2562
1189
1406
1350
972
2613
2650
1030
2862
930
2795
486
2859
2636
1522
55
2335
1079
2546
1300
1818
1133
2165
949
2849
2550
2327
899
2619
1126
2396
2451
2998
136
711
1293
2542
1160
369
2746
547
1773
2438
784
2958
1324
676
555
2095
2626
2307
785
2958
133
1033
2020
171
164
1695
1953
712
1881
1591
1543
2105
1122
1843
922
279
1989
86
1154
217
876
640
2166
2116
2146
1084
1640
1074
2823
1335
333
2596
107
670
414
908
763
2194
1914
2926
994
1263
1442
2730
1717
1275
1364
2854
1749
1175
1675
2960
2351
265
1136
2309
599
1060
654
10
575
1351
2046
1405
386
2412
228
370
2614
2057
1536
1850
2498
32
1567
1152
177
2143
2335
2150
360
971
2599
2026
718
86
792
2246
1293
2851
254
50
1844
641
2261
2137
1220
729
1588
2378
2315
1119
1309
2961
2689
2207
663
208
266
788
455
1093
2044
307
2662
1402
1605
244
416
97
821
2282
2817
46
193
2002
1689
710
2679
1385
1816
944
405
2785
2874
2968
669
1104
2140
88
1790
1043
1335
439
531
1749
1258
908
1365
1212
2677
1262
2223
803
733
497
1822
1846
2783
2875
2406
1838
2666
1557
1390
739
2274
1785
15
1960
2866
1497
1814
2141
189
548
2635
2357
2817
901
2572
2454
2492
1307
1622
2741
1794
21
818
413
2127
125
1311
2042
1656
534
257
561
1107
2794
2090
500
2321
1240
2126
997
1654
2990
2002
2667
1075
1303
2200
2984
1430
995
1817
2320
1157
612
1161
196
1297
2070
1520
2151
904
2119
2746
2118
400
1997
1127
1508
1198
2882
348
1684
1402
477
1576
960
2345
189
1868
1912
244
2539
2586
2277
2814
1943
2989
2209
173
29
2493
1006
807
325
545
1152
2512
2286
2962
2134
1035
1613
2233
2789
386
663
985
1015
2602
2028
51
1553
1537
1189
2763
2976
1665
1713
697
2395
714
1720
1859
1362
2264
1698
2334
2203
2897
2290
1701
1800
1774
2885
1325
2078
708
2312
481
236
932
973
531
739
2976
1834
1450
733
2922
2147
2096
525
1412
2416
330
2386
2605
293
198
181
1366
2639
1044
1311
394
1961
1613
2188
397
2683
1374
302
1204
2605
2873
65
2835
2766
1833
1471
1335
1191
456
2611
1458
2580
2185
1628
1893
808
1776
2599
2777
2854
201
2839
1490
205
461
889
507
2206
2640
2555
2017
2396
302
1569
177
2441
1038
2487
2175
1012
635
1020
1378
1587
1204
2256
81
1124
561
1116
993
56
2056
2018
2500
1310
1908
1996
1068
956
2070
79
2820
1880
406
2816
1404
2800
2920
854
1617
38
472
1055
2320
961
1661
1141
2251
2956
1342
224
302
1009
877
2751
1515
1738
156
801
2349
1615
2820
1613
1239
2893
1798
2824
2284
333
856
638
1245
1506
2524
2339
1751
1557
898
2071
1884
2330
2604
80
1847
595
2595
2785
2542
117
1582
1092
211
745
178
695
2807
2421
115
2905
2791
138
989
2150
95
729
920
2502
1566
347
418
1214
478
2834
390
684
81
2673
2163
613
1022
1789
1838
198
530
521
2570
1739
606
2027
299
13
1686
1070
1296
823
1518
789
18
2776
1484
664
2656
362
1596
511
2897
2836
1475
502
2133
2271
1440
2510
2512
1711
2350
1428
2333
2688
2870
394
1880
2249
573
1332
876
1309
2040
759
2617
1609
2738
1398
1120
2081
2271
2726
187
2351
504
2499
389
1477
2519
1736
827
1088
1604
2815
850
1920
114
2272
563
1529
1777
718
1458
2762
1088
191
1820
523
1894
1071
2074
166
981
1839
2949
1364
760
112
1695
138
2814
1362
2609
2782
2045
1072
2405
1729
2041
1748
2728
2696
1370
547
984
72
22
2411
728
2378
2397
616
1476
2551
1878
645
2919
1611
2504
2447
1665
1286
877
2408
2967
1526
573
1624
747
1175
620
2358
1420
1419
2155
385
2853
2205
1856
1685
684
2656
1543
1256
2326
2092
2971
1779
470
393
512
199
1126
2180
1168
109
17
1969
2258
203
1018
1493
936
2017
2426
2031
2793
1917
1719
2973
164
256
2884
1217
2056
1219
2985
2514
738
1250
1110
2376
97
2390
103
56
1343
2513
2388
2811
604
2589
768
180
2907
197
689
100
384
2041
85
2556
847
1266
1960
2765
878
2901
2339
259
537
571
298
2730
146
2731
367
1061
696
1683
1720
909
2321
42
802
2797
2515
69
2897
1194
1546
2195
1660
2950
1604
1924
1010
2948
2659
321
1861
2614
1767
2297
2244
379
1911
2711
1002
1473
677
2293
1215
2881
1838
1061
626
231
1756
792
1752
111
2690
526
2163
356
1431
2229
1601
1906
2873
730
1887
2239
2558
2013
2907
9
240
1704
1013
1822
374
1745
2605
393
1092
268
549
1839
2780
2215
16
1361
1659
1082
76
2017
2033
1136
1304
1599
156
695
1279
429
2965
2545
2785
2618
1184
1132
78
2325
1057
595
2069
637
335
2828
2566
2589
378
689
2534
2421
830
934
1142
1256
198
2842
2371
1957
2926
393
1548
1596
396
1933
1222
2076
2086
906
2497
2312
2961
1837
1097
453
2928
2119
2300
533
722
2714
2202
2625
804
2556
2486
2639
162
754
2562
2859
395
903
156
1640
1311
591
614
271
14
562
1955
1788
2827
1921
1348
1131
27
651
1330
1019
421
266
12
2393
881
2135
1331
889
787
826
222
2377
902
152
1009
2588
456
929
1593
1618
2384
183
2529
2794
2278
356
378
901
1131
1969
2541
2336
2097
1437
1177
1648
1786
179
2758
1448
221
1029
1623
1816
2331
1985
1968
1734
863
2332
1565
1412
371
2526
467
2300
145
2291
1052
1380
146
880
2237
2779
2258
436
1041
2682
426
2554
1433
2779
1625
1585
2527
539
829
469
2353
1841
1894
2194
356
2922
374
2706
238
2623
1815
2543
2146
2880
581
226
253
2884
2896
2797
2061
415
1944
1223
2111
675
2987
305
2455
2058
1186
2675
1147
1338
2618
2656
624
2388
2075
1861
1215
439
140
738
519
781
2871
1827
1826
752
2356
34
371
1931
2705
1156
2302
2665
228
1058
2892
1683
2549
2556
2172
2838
2091
202
871
592
473
889
773
650
1579
963
855
230
2656
413
1999
4
2671
1495
2813
51
2092
2335
1958
1655
1553
1215
1622
821
466
2648
564
1308
1090
2644
2404
18
1769
1221
93
1298
1240
2657
681
2925
1530
2465
611
576
2670
2198
2257
1212
2166
1251
2960
1618
1272
213
2538
1973
1102
2100
821
435
915
336
2950
2433
1404
1142
2078
315
86
598
791
2963
620
161
259
1075
2504
88
399
560
2852
2991
2852
2879
681
782
1152
2627
2878
1893
836
280
607
2231
2046
1589
2513
1399
968
1762
1919
53
111
166
192
215
2895
250
1366
2869
1526
631
2996
2910
2020
230
636
138
1518
2851
1733
1319
1807
644
2018
972
1903
1067
458
254
2217
2513
1103
382
220
2677
705
2302
1462
2390
926
1526
2422
2251
2586
1660
2387
2850
2238
186
572
2240
328
2931
2320
2983
952
2202
2447
1247
1340
1729
2289
1857
945
2405
2290
738
1523
442
390
1982
220
605
2553
1788
2032
2895
2417
2254
2396
822
1239
821
645
854
2054
1305
1680
603
1830
2367
185
2967
1865
2924
2565
119
1337
970
465
2622
1057
1200
2734
1195
1425
2683
2063
1980
2325
2426
954
29
2743
293
2593
2874
2596
2022
1669
1355
990
264
995
2544
245
420
862
2485
1665
962
2340
2633
1713
1679
2133
997
2814
353
2383
990
344
1649
1953
1840
2256
488
2320
2315
2564
1629
1784
790
1488
2975
404
993
46
2432
2183
2404
1201
2459
2077
2747
1925
1984
41
2591
565
795
544
1620
1556
2103
2354
767
2746
983
530
687
419
1725
1927
748
1771
1083
2159
1007
1435
672
1274
1866
274
448
449
267
2034
1659
2418
1201
1722
815
1820
2740
1716
2956
55
1383
1512
2143
2072
2979
807
1654
178
755
1615
1464
914
423
1027
2518
1890
739
1436
2980
2180
88
1659
1917
1135
766
1675
2265
290
1252
1491
2576
1786
1919
176
1456
387
2019
2302
370
2155
2051
101
2790
1594
611
1711
2068
794
1303
2345
2771
1183
1171
1999
2864
2756
1106
1689
2402
2695
2773
1240
610
601
9
2951
2762
2329
2383
1655
2135
188
185
1820
741
6
2299
1277
2969
211
374
2906
2632
722
1548
237
1907
1849
2039
2519
2307
164
246
1630
967
734
67
512
2853
1016
1494
1111
1984
1398
2679
779
2041
1593
139
2035
895
317
1403
2047
2340
2483
1285
1513
1903
2181
1239
1069
965
1388
1993
1938
1032
1769
2541
534
890
138
2400
2389
1188
960
2976
1653
44
2578
1782
2585
2332
315
1183
2928
1532
1181
1666
2927
1344
2593
429
288
1044
219
1634
2897
844
241
438
490
1616
1407
796
2024
374
756
1768
1054
1569
1006
71
1206
1515
389
1839
2891
269
926
1588
1343
2820
2164
2214
1918
106
1925
956
304
243
2707
759
1485
1165
791
790
2099
171
2367
877
2519
1454
701
662
943
2987
568
2552
2532
1585
1995
1109
953
2431
308
639
1340
1160
2324
1423
2391
75
2998
850
2304
106
2612
2229
328
2600
2465
12
1981
1898
632
1305
2800
1372
331
2040
2916
1307
714
2663
2859
1175
2290
301
672
308
65
1551
777
102
2250
1626
2646
1685
2907
2258
2848
2217
791
263
2058
2432
453
942
1462
2111
1789
164
2914
1724
1724
1732
1803
409
105
1242
819
2069
2957
741
2300
2000
1609
2702
2001
1631
268
84
2880
2197
2672
2686
2383
1606
1028
843
1424
26
1275
2154
1232
1814
1773
2936
828
129
2612
2664
1116
447
508
489
1786
2555
133
1771
744
656
2186
550
321
1360
582
1116
552
2661
641
1629
496
1345
2468
1418
2639
1970
1644
1556
1277
2437
1927
553
2994
1466
1528
2293
2024
2176
667
1150
1039
2526
2926
847
2927
1807
561
1390
373
2100
2276
1440
2050
2155
639
422
1443
2999
2643
117
2846
2679
637
2946
764
1881
1557
1485
740
192
506
1995
2119
2575
810
68
1675
597
2761
826
687
1555
769
49
2930
2697
2878
2534
1143
269
2199
2048
1306
430
922
2041
1512
2204
1945
204
2985
544
1382
1683
1969
2437
2330
890
541
2526
1964
1824
1433
1835
1135
2600
1441
1384
905
1665
1728
433
2164
601
839
2096
572
1266
624
417
2442
986
1442
201
247
953
944
1015
1963
1261
2497
2623
1650
1015
1626
753
1105
2550
2596
223
2835
46
238
2262
1119
629
2509
2575
2319
1045
2903
976
1693
665
1762
951
2115
216
274
555
578
470
818
549
106
213
68
1840
813
1410
528
2434
58
1540
2754
2245
2339
1097
2890
1065
2621
2205
1268
1543
1008
344
2361
1427
431
1460
2721
1319
1973
1382
348
1048
894
16
500
2624
2206
210
448
2819
2643
975
1390
2154
1286
1608
2851
1495
2453
2208
475
2375
42
2171
1478
1013
2265
2120
1328
2465
2449
2449
1504
492
1753
2728
869
1063
990
2182
2096
837
2602
256
205
2905
1876
2311
437
942
2
1679
2767
1336
1048
1540
268
2292
1166
444
1156
818
898
35
717
1386
423
1128
1358
1581
1655
998
645
448
1682
986
1962
2375
2433
2049
848
1562
1656
1445
428
1026
2595
741
560
1579
1148
2533
2128
2056
930
44
971
2249
670
2867
47
2438
592
762
1349
1748
1782
2902
1429
1866
1852
1853
1123
2084
915
1137
2270
1522
1846
1207
594
1513
1411
418
1404
1440
127
274
956
2987
1856
2268
829
1602
68
2471
723
1957
1887
479
2272
996
709
2133
982
1546
1297
2397
1629
2754
418
2705
829
2832
196
1653
37
421
2569
1917
2490
2098
420
2007
1401
2778
2656
2121
1931
770
2111
2207
2292
1185
187
2101
1187
2507
733
2884
2721
957
2302
2267
1790
429
141
2589
1778
239
742
2541
217
2444
2653
1111
2402
2433
536
2083
1983
2971
1151
2192
229
224
1605
1155
1126
2919
2140
1038
732
2267
2655
1040
221
1659
1251
674
1435
1498
1809
858
1619
1559
1435
1743
1173
2762
2030
875
2891
50
667
2487
2337
909
2595
2782
2255
1327
1628
2626
2933
1787
1760
2650
2374
1537
1650
1919
994
987
446
2182
1108
1820
21
417
2893
2162
2747
2184
1494
1912
1455
1235
822
2655
2716
1374
1259
1655
2372
177
1398
2324
2113
2030
2327
1365
678
2810
1869
2200
2510
1784
1185
1855
2032
52
2217
165
730
2188
1309
5
659
1165
2174
2302
723
107
2857
1592
482
1089
833
1743
1923
357
94
1443
463
2780