6879
2000
4362
4375
2646
3832
4423
6019
5413
2104
2666
5187
4075
2372
6330
3766
6328
3658
5477
5227
4809
6635
4946
4058
4608
6391
4306
4177
4969
2374
2179
3470
5785
5840
2448
3527
3024
2059
5237
5531
5901
6237
5376
5429
6073
2017
6402
4237
6103
6142
6361
3375
2445
2022
6672
5658
6106
2706
5508
5491
3862
4845
3857
5098
5476
3851
3896
3746
5846
2549
5336
6536
5985
3037
4819
4998
4705
3687
2746
3326
5346
4720
3581
6239
3950
3090
2438
2606
3361
6153
5308
6707
6749
4165
4575
2286
6351
3609
4471
5010
4980
3516
5583
5891
6950
4426
4663
5398
2417
2540
4129
3580
6293
4601
5007
3019
5809
3285
5439
5167
4691
5683
6603
6494
5504
5664
5603
5325
3618
4572
4179
2312
5751
2387
2806
6067
6210
3159
2648
2425
3015
3575
2126
5845
3352
3469
3405
4775
4426
5744
6786
2599
5971
2189
6901
4539
2836
2248
3341
2266
5963
2957
4024
2489
5990
3751
6538
2976
4767
2806
3063
5288
6810
5744
6916
5057
4920
5958
3888
5931
3479
4759
6594
5161
2563
2853
2851
5982
3345
2372
6170
2626
6144
4933
4492
2511
2524
4427
6350
2469
5457
2654
5524
4310
4560
6408
2187
6283
3924
2660
5327
3370
4086
4126
6027
5561
2633
5827
4625
5713
3750
6983
4611
5900
2141
3213
5574
4180
4456
2930
3213
2346
6602
3403
6962
6526
5324
5043
4868
3193
3550
4195
4347
4690
6380
4293
5261
6985
2407
4051
4897
5893
3574
3623
2918
2703
2879
3188
3255
5546
4676
6008
4172
3788
3059
6447
2223
3614
2734
5010
6621
4034
6853
4085
6784
4270
2394
5602
2988
5685
4995
2646
2454
5360
4151
3280
3978
3547
3688
4601
3149
6979
2304
3769
3413
4175
3755
6132
4509
3720
6463
4453
6848
5561
6409
4935
4079
5165
4117
3500
5837
6156
6096
3370
6035
4219
4117
5687
6857
5560
4435
6324
3057
5562
3719
2772
5502
6620
5893
6501
3778
2184
6284
3700
5692
4288
2742
5885
3578
2546
6925
3605
6930
2933
3499
6858
6465
5314
5269
3772
5481
4606
3260
3759
2900
5436
2940
6346
3775
5632
6221
6314
6778
6379
4018
3148
4360
4252
4395
2884
3902
3836
4131
3178
5144
2392
6358
3403
4487
2566
5320
4860
2715
2395
4521
4644
5769
5707
2886
3502
3447
5925
3205
4738
3090
5325
5866
6773
5959
3761
5234
2308
2487
5434
6587
4011
2900
2337
2349
6521
4131
4078
4706
6068
4461
3990
3721
6498
3353
5534
4308
5044
6564
5263
5276
6765
6976
5258
5524
3093
2953
3423
5227
5070
6360
3398
3165
3305
4866
6687
6695
2777
2790
3199
5996
4544
6880
2472
3641
6979
4473
4312
4286
6922
3695
5402
3855
5938
2261
2554
5735
3615
4444
2416
4000
2865
3619
3936
5855
4186
5455
6959
2530
4437
6058
2351
5146
6425
6174
3760
2818
4700
5784
3393
6076
5736
4290
4501
2813
6841
2462
6581
2550
5832
4448
6746
4100
3033
5275
6086
6204
3378
2204
4242
6863
5584
4458
4724
3441
2829
5284
4533
6773
5152
6418
6240
3764
5786
4121
6455
3128
4878
2690
2502
4205
5400
4051
3622
6881
5344
3261
5341
3020
4192
6225
2039
4969
6692
3435
6153
2683
5973
2806
2171
3275
5794
6581
3498
2103
5429
6878
3265
3875
5791
3929
3804
5952
5796
2349
3459
6234
2119
5755
5236
5139
3034
5856
3678
6969
2908
4814
2621
4878
5438
2673
4604
4988
2723
6584
5120
5743
5887
4255
2301
3642
2144
4815
3539
4228
4563
6435
2554
5523
2860
3389
5588
2819
5474
3089
4718
6990
3359
6878
5589
5813
3707
3999
6294
2515
4082
5949
4604
2762
2811
3593
3718
4046
3926
4586
6665
2156
4709
4532
3964
2046
6902
6490
5647
4075
2227
6262
6015
4594
3076
6756
2692
5219
4031
2124
4738
3449
6711
5801
2122
2788
4905
4931
5871
3204
4626
4770
3689
6428
2940
4952
2676
5646
3289
4993
2238
2535
2956
4737
4696
4463
2744
3619
2195
2349
2173
4818
4663
4934
3232
5765
5870
4727
6194
3053
4134
2603
5459
6450
2770
4220
6954
4796
4614
5895
6431
2542
5180
3669
3086
2012
2033
4586
3753
3294
6137
3367
5842
2458
5526
6280
4075
6926
4835
3977
5419
2996
2910
6059
5474
2409
5315
4554
2841
2259
3989
2361
4924
2415
5459
2544
2394
6730
4427
2142
5126
3231
3922
3492
2717
2655
2336
6013
4281
5006
3667
3079
4809
6378
4300
6142
5064
5534
2612
3498
5412
5764
4728
5613
4315
2218
2252
5310
6318
4457
4134
5962
3953
4379
2832
4784
2253
5407
6711
5312
2576
2773
3468
6634
6041
4876
4818
4765
6700
5293
3616
2181
6861
4320
4955
5603
2058
6152
5137
6985
2277
3611
6926
5895
5604
5680
2536
6377
6338
2306
5877
2504
5856
5905
2166
4017
2979
4983
5281
4503
3277
3153
3245
4132
3494
2394
2993
2882
2409
5203
3136
6745
2741
4003
4048
4973
4116
6517
2044
5379
6694
5179
4870
4548
3917
6343
5072
5506
6775
3141
5638
2995
4207
3695
5345
6912
5349
2701
4304
2113
3824
3665
6636
3591
5173
5650
3050
3921
2586
2645
5419
5557
4023
2032
3736
4870
4662
3141
6901
3199
4333
5168
6974
6194
4498
2989
2198
4881
3167
4160
2396
6418
4349
4704
2579
6064
4363
5133
4867
4692
5058
2791
5953
2729
5097
3616
5476
5058
3793
2781
3288
4343
3161
2278
4620
6599
4278
4347
3949
6923
2299
5936
3910
5036
4749
4680
3551
6453
2966
3014
5671
2785
5895
2159
4111
2771
4538
2876
4008
6681
3457
2719
6567
6623
2883
2189
3921
5805
4545
4493
5298
2783
5539
4831
6173
5970
2125
4237
3481
2211
6035
5393
4360
3110
3498
4685
3270
3265
5761
3295
2058
4292
3120
6285
5214
2689
5950
4847
2611
4907
3420
6649
3856
2155
6549
2831
4101
3756
4547
2143
3106
5437
5429
4542
2115
5550
2488
3108
4670
5097
4167
4711
6550
2370
2893
5883
5179
2710
5130
2467
5876
5957
3393
4872
6633
3706
4844
5724
6072
6527
6420
5970
6824
6814
3449
6414
2699
5930
2313
2001
3530
3176
4322
3350
2319
6154
6468
2435
5872
6022
6728
2848
6548
6460
5537
4256
2003
2238
3067
4380
2239
5484
6017
4346
3990
4981
5049
2706
5840
5960
2190
5762
3925
4090
3827
3592
4248
2042
3979
4571
6130
3242
2039
3395
2245
2356
2450
5096
5389
3528
6613
2055
2880
6005
6261
6063
6142
6912
3554
3148
4457
5528
4124
2711
4661
6589
2542
3137
6560
2135
5493
2855
4921
6321
6161
3881
5106
3480
4406
4587
2797
4435
6210
5319
3977
2676
3998
3055
3586
6166
4712
2798
2665
5775
5177
5496
6865
4067
3174
2803
2684
2638
5020
6826
2885
2285
5496
2573
3322
2074
2420
3921
6425
6667
2929
4513
2669
3697
4916
3062
3817
6048
2186
6874
6118
3507
4876
4454
4014
2011
3624
3805
5541
6708
3249
4914
5810
6828
5706
2024
3381
2591
2662
3906
5605
4873
6572
5341
4180
6942
3166
3133
4094
2980
2690
3286
3434
4060
3025
3697
4517
6604
6624
4146
4048
6980
6814
6099
5293
2074
3926
3977
2428
6984
4010
4142
6531
6844
5643
4572
4529
6267
4057
4857
3263
2245
3944
5070
6325
4778
3232
5155
4511
2672
3076
2953
4797
5790
5312
5554
4726
4801
3628
6832
2567
5349
6410
5689
6691
4331
3393
4392
6428
5725
3698
2316
5188
6686
5854
6489
5534
2520
3640
4825
3127
4742
2868
5491
6033
2752
5449
5471
4110
3496
2728
4359
3509
5153
2272
2073
6558
3542
4232
3959
3194
6559
5546
2653
5700
6214
2047
6460
5368
6403
4794
5764
2983
6782
2107
2430
4815
2140
4938
6362
6500
5000
6539
5694
5444
5777
5948
6062
5275
4769
4561
4646
2005
3587
3894
6413
6817
3279
6531
3861
3998
6489
6689
6573
2912
2729
6296
4177
6871
6205
3971
3266
4239
4031
6476
3270
3251
5497
4404
2525
4410
6269
4297
6831
3258
6827
4564
6485
5879
6133
4122
5320
6057
6049
2062
2504
6317
2256
2045
2908
2357
5543
2933
6015
4562
5734
4748
2043
3497
2621
5113
5021
5416
2311
6627
5213
5964
4771
3898
6245
6844
2389
5348
4160
5105
4931
2720
5656
3894
3626
2090
4996
3673
3228
6288
5657
3901
4313
2637
5052
5087
4675
6725
4482
5702
5725
6995
4433
4003
2563
2269
3787
5151
4717
2382
6733
2046
5182
6674
4556
5854
4742
3172
3837
4008
5848
3038
3293
6557
5336
5838
2717
4597
3154
3862
6676
4991
2798
4256
3596
3746
5859
5434
3108
6874
3013
4185
4313
2339
6832
6151
3337
6559
5335
2826
5923
2881
3977
4077
3071
4718
3791
2334
2201
3274
5618
6227
5876
6049
6737
3204
2410
3101
6885
6558
5158
6962
4938
3968
3666
5388
5381
3855
4268
5465
3737
2724
3819
5940
6733
2407
6499
6011
5704
3418
5458
2484
6907
6498
6229
5246
5419
4309
6156
5100
6413
2314
5287
6828
2422
2812
5256
3204
5769
3414
4048
4387
2087
5458
4853
6653
3535
2158
4739
4604
5934
5330
6932
5458
4750
5146
6852
2626
3597
3813
5586
5991
3230
3272
6866
6854
2575
6868
6085
5044
3411
5657
2159
5738
6708
4623
5324
4846
6347
3483
2053
4134
3169
4237
4667
4952
5509
2093
2516
5206
6347
3156
4155
6938
2884
5580
2151
2785
5291
5038
5296
4248
2986
3036
3742
5522
2504
4871
6176
2288
2339
2575
2209
3430
3160
6587
3873
5122
4453
5561
6763
2955
4946
5727
3598
5652
5154
6503
4076
3432
6715
3636
6987
6862
5786
2781
6062
6892
4004
2552
4754
5188
5956
2292
3841
6423
5455
4845
6698
3531
5996
3960
6726
3289
4843
6370
5406
3247
4943
3873
6957
5564
2292
4240
5748
2478
3441
4263
6381
6208
4880
5904
5115
3713
2279
5846
3890
2508
5084
3237
6911
6554
4311
2483
6046
4572
6034
2130
5277
3747
6484
6257
2732
3259
5928
4271
5905
5991
3390
6320
6998
6019
2744
4780
3446
6389
5814
5767
6747
4851
2514
4980
6676
6818
5277
6264
4643
2707
5801
5501
3405
4248
6223
3761
6810
2862
3946
6039
3539
2395
6188
5265
6743
3085
4980
2395
6157
5692
3804
2814
6295
2156
4450
3085
3315
2269
2078
5774
5115
4667
6120
3288
5989
5491
2052
6754
3997
2199
4092
3813
5342
4693
6550
6114
2802
3517
2789
3795
2296
5789
6984
5499
3570
3705
6147
2990
3367
3933
4998
3388
2013
6008
2037
3003
4666
3034
6816
4530
2265
6725
3527
4446
4821
6508
5512
5052
2150
4777
4669
5937
2952
4515
5793
2269
3419
4235
5465
2551
6744
2592
3958
3733
3448
5071
5812
3295
4008
6564
2279
6617
2260
5804
4664
2052
6508
2326
3533
6532
2199
5431
3343
2880
5554
3950
3970
4747
4460
4888
4400
2637
6078
2155
3187
3246
6486
4496
3764
6594
4461
4505
4443
5407
3145
4951
4648
4744
4571
5104
5474
6397
4027
5035
3215
4525
6283
2286
5443
3239
2627
2503
4856
5555
4813
2449
3207
5177
6744
5520
4023
2760
2763
5278
2176
3952
5424
6766
4108
3244
6448
3071
5107
3833
6666
5896
4603
6085
5264
6587
6429
4092
6341
2543
2063
5521
2480
6417
5885
5420
4107
6768
4438
5942
4395
4067
2625
4031
5090
5002
6566
6026
3657
4932
5345
2371
4926
4438
3119
6562
2131
4012
6526
2755
3666
4193
2121
3029
6900
2559
4719
4793
4826
6524
3824
6633
4086
5784
6940
4158
4988
2657
6884
6598
2066
5128
6798
6489
5901
4136
5572
2375
4990
5160
3910
4492
3994
2006
5718
3855
5460
2767
2549
2257
4652
2730
3814
6240
2677
3030
3067
3233
4841
6229
4783
3233
3016
4940
4686
2698
2230
4418
5410
2363
6762
3397
5488
2696
6677
5624
5739
4053
3360
3400
6165
3033
3928
6702
6926
3852
2039
2654
5082
3468
6057
2973
5466
5560
5400
5230
6417
2244
2143
2093
4105
5923
6753
4230
2492
6722
6431
4305
4432
5320
6560
4537
5739
2965
5684
4682
2672
4653
5051
4272
3564
4489
4805
6467
2881
3892
5984
4534
3036
5943
6316
2224
4015
2530
6875
3597
5350
4583
6941
3216
5809
5309
2199
2015
2656
4109
6913
6339
4805
5257
4106
2747
5869
5602
3094
4238
3130
6842
2458
3557
2901
4917
4897
3338
2655
5361
3161
2199
2206
6797
3978
4815
2009
2056
3123
6926
3790
2470
5284
6091
2751
6460
4549
5691
4388
4323
6721
2793
5564
4732
3238
5865
4298
3293
6931
5611
3535
5567
5207
6155
6267
5640
3979
2338
2826
6939
3203
6664
2523
6768
2133
5463
3316
3026
6567
3451
3328
4533
4906
2145
2308
6978
5022
6153
3819
5789
5066
6286
6640
4581
5844
5956
5089
5463
3763
2356
5171
6140
4207
2387
2441
2527
4315
6161
3151
5544
5155
5633
3095
3708
5108
4194
4413
3269
6649
5852
3594
4487
5927
2753
4944
3322
2454
4612
5449
4809
4614
3538
4383
6225
6482
3038
5212
3198
5116
6500
4492
4135
6688
2043
5353
5185
3484
3393
2853
5035
6642
6019
3576
3288
3300
4376
4230
6123
4482
4715
2957
5216
4788
3249
3110
5800
2036
2704
2190
5362
3361
5225
2856
3366
2131
6500
2361
2446
4546
2805
3037
4968
2011
5429
4221
2562
6646
4874
3365
2030
3727
6064
3861
6205
6554
4958
5058
5034
6543
6179
6162
4312
2670
5417
2425
2301
5457
4615
6588
4276
5933
3896
4046
6616
3242
2242
6866
6394
5957
5270
2638
4211
2015
5170
5254
2849
6615
2788
4920
5409
6521
5357
4795
2126
5800
3966
4244
3141
6003
6575
5563
6960
2821
5693
2877
3328
3314
2165
3926
2080
3740
4526
4665
4014
2721
6265
6329
2257
6784
3834
6997
4720
6026
5927
5332
2494
2640
4187
5916
3338
3650
6601
4408
3045
6398
5127
4061
6753
6621
6798
3583
4551
2290
5105
3297
3564
2455
2711
2751
3565
6301
5249
5805
2629
5832
4639
6262
5268
4141
5926
3148
5754
4158
5826
2789
3676
5614
3915
2392
2233
3155
5862
5944
5243
5741
5520
3720
6050
3205
4728
4016
4642
6836
4436
2526
4165
6632
6720
2377
5967
5276
6554
6407
2838
5670
2961
4620
4284
6829
4911
6810
5401
4020
2627
4336
6758
6455
3386
3513
2975
3966
6831
4885
2066
6602
3274
4259
3706
3960
3498
2156
4698
6580
3424
6560
5008
2657
2083
5698
2219
3146
2870
4426
5623
4771
3168
3404
2437
6547
3956
6491
5709
6792
6104
3595
2650
5886
6691
2030
6612
6536
3552
4411
4919
3234
4163
5042
4379
4380
6143
3846
5861
3228
5997
5947
4334
6476
3948
6762
3050
2805
5476
3038
6855
5180
3128
3295
2306
2273
2046
2809
4927
2432
2323
4696
6129
3772
4604
4658
6271
6063
2330
3143
4225
2713
4191
6726
3496
2493
2199
4830
6845
5531
6617
4027
2444
3126
6256
5016
2247
5690
4888
3953
6309
6910
6944
6017
4463
3433
4387
4279
6632
2102
2097
2969
4452
2304
3114
2135
4317
5723
5827
4489
6529
5562
2651
2341
3881
3668
4795
2547
6793
2509
3881
2028
3014
6175
5427
5596
4560
4862
3574
4103
6760
6684
4621
5715
4102
6720
5542
4675
6983
3091
3664
4945
5882
6385
3678
5730
2546
6744
3116
3265
5611
5926
2304
6837
4620
6427
4445
6607
3605
2849
6400
4239
6258
2757
2295
3717
3735
2295
3219
6736
2379
4870
4338
2292
2544
2393
3857
5209
5231
5518
6983
2366
4340
2195
5281
5520
2566
4918
6597
6683
4272
6930
6205
3947
6397
5015
2221
4032
6092
3648
4326
6794
2722
2039
5153
6275
5026
3140
6832
5151
2976
5400
2759
2465
3966
2339
5843
3121
6551
3100
4669
3718
4488
3387
2755
3448
2346
4813
4720
2089
6310
4059
3142
4192
2731
4919
6960
2445
4965
6875
6495
3367
5232
2656
5630
4185
4700
2621
3554
4597
4627
4803
3507
4414
6043
4548
6124
2437
3132
5865
2287
5415
6382
3840
2150
3701
4708
4169
5746
3411
6789
6569
6750
5159
3008
6294
5621
2175
4036
5068
4231
5171
3266
2741
2016
2046
3682
4075
6289
5098
5599
5644
5858
3467
6967
6845
6583
4177
3596
5102
5510
2676
6916
6971
5813
3765
5575
5910
6136
4688
2920
3345
4718
5249
4925
5430
6039
5009
6929
2995
6298
4080
3954
4200
5291
4532
2080
5269
4298
3343
6811
2034
2785
4665
6250
2846
2424
3060
3038
3980
4653
2281
5965
4483
3834
5106
4195
5506
2281
2960
6487
4800
3189
4775
6808
3196
2065
4190
2157
4731
5021
3886
6225
5697
4793
3298
2713
2259
3465
3979
4857
6923
3371
6992
4980
4417
6867
6761
4206
3663
4484
4878
6818
6838
6917
4193
6151
4564
4906
4291
4365
2565
3950
4147
3120
3864
3760
6621
5260
2304
2002
6695
6610
2295
4248
4258
5083
2979
6117
4874
5027
2768
4154
3631
5527
6732
4375
4653
2920
6847
4781
6962
3934
2065
4182
5774
2843
6193
3354
3418
2444
4874
3219
6377
6687
5505
4934
4924
4739
4250
4239
5632
2786
3016
2107
6428
3295
2957
6192
2670
5398
6837
2136
4708
5222
5708
4944
6519
6632
5135
6537
5490
2103
2864
4226
2196
2729
5476
4971
4497
5688
3507
3723
5436
2171
4224
3951
5560
4232
3920
5114
2148
3789
4237
5906
3614
6837
3906
2064
4222
5074
2452
3131
6335
3980
3077
4992
5155
6497
5224
4453
2571
2653
2410
6571
5471
4703
5009
3043
6488
4803
4550
2557
6675
2436
2907
5040
2452
2964
2275
6269
6048
5877
4334
5464
3273
5498
6384
5169
4063
4307
2093
2296
2520
5410
5841
2973
2259
4824
4947
6650
2464
3179
6549
6937
5280
4137
6233
3869
3313
2607
6976
3611
5063
3576
5002
4625
4230
2600
6269
4106
2243
4859
2511
2780
4628
5918
5738
6519
3110
3987
2707
3146
3838
3188
4891
4655
3666
3152
4202
2361
4249
5105
2922
6800
4146
6447
5610
6982
6451
3349
3507
5868
5439
2686
3446
2037
3130
3218
6765
2225
6098
6020
3528
3767
4143
6129
5296
2808
6164
6366
2632
2517
5457
2281
3903
3389
4349
6753
4517
5497
5940
2689
3584
6662
5640
6361
2453
3631
2983
4302
3036
2728
6017
4330
6790
6535
3660
4334
6543
3008
5466
3575
5604
3871
5685
2322
5307
4258
4622
6132
6910
4468
5079
3957
4165
3611
5308
5310
4588
4265
4308
4419
6784
6976
3313
5889
6650
3008
6971
5937
4644
5329
2627
2735
6063
4713
6321
2703
2385
2903
3040
4896
6179
2202
3024
4658
4713
6954
6978
3319
3524
3567
5172
3247
4450
3834
2196
3999
5075
5282
3031
5937
3376
4496
2709
4381
6841
3293
4303
5296
4100
3643
6196
4639
6816
6869
2546
5187
6210
6063
4369
3200
2564
3063
5829
3713
2818
4256
3361
4540
6519
4217
6130
2105
2232
5268
6240
3652
5968
3257
3777
6749
4414
2846
6846
6063
5152
2480
5981
5854
4004
2785
3198
3870
3711
3235
3349
3131
2134
2457
2431
6695
5000
5331
5837
5368
4890
4466
3362
5252
3911
3059
2059
6825
5081
5892
4272
4181
6467
5338
2264
5397
6996
2774
5250
4120
3715
6988
4494
5944
3842
5899
2945
3490
5078
3149
4496
5018
2102
3345
5498
4413
4636
6739
5124
6475
6448
4594
2230
3321
6520
3765
3608
6278
4645
2384
6987
2789
3697
2918
6789
6595
6677
4027
3263
6409
3110
4223
3853
3923
2959
3296
6772
3838
2012
6897
2580
3501
2225
4875
3796
5127
5506
6435
2833
2082
6943
6705
3821
5759
2108
6355
5680
5437
4973
5320
4727
4872
6526
2215
3542
5650
4154
5715
2671
6984
4750
5664
4534
4874
2316
6598
5305
3063
5355
5948
2425
4608
5076
5676
4877
2609
3693
4717
3882
5459
6765
6964
5795
4773
2464
6741
5318
6203
6866
2867
6600
6177
3428
4534
5382
3235
5529
2642
2376
4692
5391
5479
2451
3687
6082
5046
3010
6655
2805
3659
2001
6759
4465
6891
4727
5263
3418
6294
2563
5474
4059
3510
2894
5771
4044
5733
6410
5003
4548
5198
3224
2461
6604
2591
2845
6243
5425
6620
5179
4718
6334
3781
5453
5324
2822
6846
4422
3206
4452
6340
6066
3592
6682
5208
4566
2694
5125
2605
6220
4763
5795
5601
2749
5274
4741
2220
3350
4711
3295
4314
4458
5262
3835
4181
4110
5832
6799
5534
5805
5927
2586
6278
5467
6961
6402
6372
6788
3735
3722
6424
4517
6088
6219
5028
6441
2561
6306
3012
4188
6949
5312
2945
6901
4752
4230
5421
4574
5793
5597
5234
2440
4940
3426
3448
4295
2256
2325
6880
6410
6204
6519
3867
5597
6917
2043
4261
3470
5066
4218
6405
3881
5581
4365
3364
5417
3639
6343
5672
4945
5422
6308
2253
2235
6508
2359
3870
2567
5463
6628
3408
4864
3968
4274
6432
6365
6640
3781
6285
2284
2368
6352
6330
5214
5228
3757
2333
3612
6800
6076
4379
6869
3108
3023
2696
4969
3395
4799
5140
4611
6335
4759
6929
5815
5630
6614
6367
3085
5347
2347
2460
6675
5073
5519
6812
6056
5411
3750
5936
4721
3191
2304
5453
6622
2739
5635
4301
3344
5899
4757
5391
5663
3684
2656
2420
5931
4592
5935
6578
6030
2584
6815
2084
2449
6520
5209
3591
5265
5167
2855
5583
5413
2900
2485
2929
6414
3343
6663
3490
5953
3141
6141
6863
3176
6775
2918
5697
3040
5329
4605
5988
4010
6802
4246
5484
2274
4543
5173
3487
4484
6315
4047
4411
5995
2255
4575
5094
5131
4668
6481
3900
3838
2570
6743
6610
4258
3211
4534
6396
4074
5578
4180
5237
3789
2675
4587
3926
5557
6202
4565
2743
2235
6381
5144
5245
5336
2345
4199
3759
3297
2232
6398
3700
3029
2414
4206
4035
6948
2730
6201
3608
4546
3574
2039
5652
2651
2617
6635
4574
2762
6443
3989
3430
3874
3536
5931
5693
4298
6010
4584
2309
6394
3307
3221
2007
5486
4073
6098
2745
2318
4834
3752
5734
6527
2425
4295
5752
2669
2455
6039
5970
4922
5827
4654
5442
4664
2375
5707
5615
5849
6104
6455
2277
2141
2426
5699
6107
2905
6166
2190
4268
3855
4130
2471
4463
4248
5588
4118
5439
4646
2255
4333
6801
5360
6244
6075
5736
6099
5429
2389
3030
5917
3801
5557
5960
4079
2020
6305
6912
4262
6129
4113
4360
2980
3398
3168
3994
2204
2926
2785
2399
3378
2395
5584
2834
4929
6231
3215
4019
5543
5977
3295
5138
4999
6356
5660
4168
6263
4049
6052
2576
3644
5261
5899
5368
3473
4471
5194
4237
5115
3421
4213
3933
6514
6443
2557
2129
5339
2644
4010
5406
4566
4690
5790
6233
6548
4457
6337
2701
3298
5467
6956
2180
2449
2129
5442
5013
2035
2528
6453
3406
6819
5566
5856
4443
6887
3060
6965
5802
4407
5161
5963
5249
2968
4273
3520
2148
3580
6716
3202
4866
6569
3025
2699
5446
2097
5445
6409
2902
2840
5530
4219
6978
3968
6211
4229
2200
3420
4344
4098
3027
6147
6077
4016
3043
2603
4287
6768
5765
6950
2070
4642
4374
6751
5185
6545
3818
6947
5032
2830
2533
6962
3311
6119
3207
6078
5085
3552
2101
5155
6901
5217
6069
5292
5167
4925
2214
4815
2376
4562
5163
6906
2683
4754
2912
2273
5878
5635
5527
3259
4508
4041
6279
5636
3741
5096
3512
5210
3743
2410
4657
5232
3855
4983
4186
2916
3789
6630
2709
6952
2972
3968
3970
2299
3251
4529
2429
6106
4309
5240
3012
6390
6157
2527
2837
3100
6888
5669
3349
3958
5042
4955
3215
3467
6088
6698
2374
3292
2222
4289
3513
3950
3505
2118
2497
4883
4040
3154
3892
5198
2787
3093
3478
5415
6076
3482
2805
6137
4353
5814
6420
4988
6015
6163
6020
5380
4726
4398
3564
4426
4173
4828
3291
2544
6819
2346
6988
6688
4725
6264
5010
4156
2290
3557
2021
5764
6770
6847
6109
2414
3791
3316
2761
5365
2213
2190
2382
3087
5437
6312
2945
6804
2132
2012
5459
4072
5684
3736
4065
5035
3079
5362
6536
6862
6977
2641
6949
5962
5003
4443
5472
2286
5348
6962
3633
2394
5660
3445
4329
6826
2009
4615
6506
6544
2218
4360
2661
5156
6442
5840
2561
2267
3464
6226
5439
6686
3465
2026
5563
3490
4090
3596
4685
4542
5644
3453
5272
4764
4400
3372
5688
6114
3356
4562
2000
3820
3510
4183
4237
3741
3211
6344
6048
6611
3179
4118
6626
2211
4308
4138
6881
5540
6575
5028
5778
3750
5602
2918
6772
5586
4000
5777
2698
2485
2970
4278
2997
5981
4834
2067
5579
3035
2592
4458
3905
3724
4880
3101
5525
3348
6792
5556
2016
3806
2396
3345
3481
3529
2568
6749
5887
5405
4636
5925
4569
3022
4416
2470
2697
4687
2003
4152
2285
5122
5498
6205
3980
2198
4536
4374
5079
6481
5591
6841
4638
6881
6746
3680
5738
5051
5705
4661
5718
2208
5066
2500
3265
5745
2741
3429
2203
5301
4549
4702
4968
5416
3626
6362
2045
6098
4970
6920
3421
4827
2316
3560
2298
3047
5160
5744
4519
2308
6151
3708
2911
3751
2678
2247
4551
5988
3220
2146
2148
2069
5139
2987
5992
3558
5001
2190
4950
6910
2233
2510
5190
3573
2977
3426
3657
5600
2348
4515
2396
4272
5543
5621
3293
4728
6897
3799
6171
2475
6989
5705
6781
6910
3814
3407
5779
4427
6284
3425
2778
2058
5005
5407
6957
6029
3464
3839
3592
2906
3627
2998
4637
2048
2729
4873
2194
4769
6308
5461
6922
3788
4201
5855
4143
3251
2922
4352
2935
6742
4792
4343
2980
5691
5348
4632
5789
3220
6603
3481
6412
6161
4552
3634
4275
6395
3603
2918
5414
6317
4676
2267
2037
3165
3050
3314
2553
3196
3981
5894
4757
4354
2719
3492
2320
5943
3614
4360
5470
2902
2525
5575
2772
4586
4623
4070
2626
4724
2492
6775
6490
3104
2442
5435
5225
4724
3326
2012
4902
5163
4882
4821
5218
4480
2445
4633
3365
6754
2358
2961
5944
2472
3694
5150
2903
5542
4380
6011
2516
5191
2314
5986
3743
5546
2884
6569
3861
6514
3316
3121
4113
4982
2954
2354
5292
5854
5219
5154
4375
5895
2290
2171
2178
2637
4750
5630
2559
6490
6888
5682
2539
5326
6135
5840
6660
6777
3056
5447
6628
2897
4111
5911
5088
6230
6531
3650
4913
2411
5717
6171
6389
6651
3479
2584
3249
5827
4554
5491
3383
2335
6674
2777
5396
4677
6815
3945
6230
2483
3542
3328
3492
3081
4687
5198
6845
2779
6660
6699
6988
4445
4519
6419
5471
2615
5654
6099
5386
3252
6299
3537
6301
6972
4110
6856
6394
4129
6655
2285
5604
3884
2645
3454
5525
3795
2585
2603
5407
2542
5383
4226
3802
2779
4322
3680
2681
4525
2286
6138
4595
2997
5226
2071
4410
3728
2950
4671
3066
2117
3306
6294
3324
5547
5711
3574
5647
4226
6020
5415
4467
3248
6821
4201
4053
3563
3807
4601
2545
2992
4191
3493
4792
2452
4383
2433
4316
4830
3793
5150
4043
5240
5100
6511
6849
4152
6874
4596
4869
5840
2203
2271
4102
3505
2860
2142
3249
5175
2482
5700
3227
5312
3568
3247
3127
4672
4453
3475
3068
3970
5919
4621
5048
4189
5496
4204
5957
3050
6084
3850
4679
2911
5876
5590
6232
3992
5063
4303
3485
3121
6074
2519
2473
5171
5843
6748
6483
4895
5160
3197
4308
3625
6099
3741
3430
4959
3105
6050
2314
2548
2713
5334
2577
2369
2627
4428
2986
5439
6569
3654
6414
6372
2485
4414
2054
4358
4413
2067
2583
6884
5049
2358
5918
4935
3600
2698
5414
3308
5574
6726
3063
5858
4636
3610
6220
4968
2559
5846
3231
4224
3618
2020
2292
2288
2521
3831
2005
5726
4135
3134
5319
5684
2991
2631
6964
2867
3063
4645
2350
3577
4473
3869
4845
3907
3976
2188
6299
2421
5031
2495
3773
6712
5967
3685
2031
3043
2900
5849
2468
3912
6761
6135
4638
5202
2532
5478
3448
4000
2218
3171
5674
5612
5435
3696
4487
3238
4901
3101
4787
3304
2200
2401
6179
3894
4428
6410
6883
6040
4624
6214
5169
4752
4487
4092
6985
5907
5544
3532
3417
4876
2688
5777
2059
2109
3731
6300
4071
5673
3109
5392
6578
6020
5069
4794
3864
5763
3818
2389
3861
5677
6253
3463
5307
6796
4945
2035
3540
4073
3768
6849
6233
3581
3846
2960
4980
4395
2885
2227
3942
2108
5431
5063
4501
4904
5449
2134
3083
2682
5362
4091
2577
5469
5178
5892
6529
5289
3957
3903
3091
3838
3818
3909
5750
3929
2738
2429
5587
4611
5767
4702
5166
5922
2625
4980
5343
4983
4304
4367
2757
4180
3413
5982
2667
3254
3252
6064
2673
6388
3537
5127
6076
3963
5498
5323
5025
4205
6905
5212
2012
2409
3056
6562
5555
3745
3279
5948
3633
5662
5216
4631
3351
4323
6983
6929
5375
6598
6852
6346
2200
5946
6878
3098
2604
2797
3847
5506
6455
6293
3548
5490
6102
5061
3506
5491
5376
3245
3408
6077
3907
3816
3078
3516
5484
4009
4933
5924
6990
3062
6046
5453
6267
6960
5217
6808
4123
5729
6929
2788
2646
5895
5606
3097
3122
4853
2151
4453
3158
2510
6557
4865
2558
5332
3140
7000
5030
4643
6533
2726
4683
4764
3575
3575
5817
3139
4042
6646
4697
2614
4709
6463
4050
3815
2666
6498
2411
5928
6306
4701
4016
4493
3894
6846
3314
4583
4257
2811
4628
3085
5162
5755
2760
2206
2935
2256
2861
4817
5359
3141
6838
2803
5048
2245
3895
4518
2053
2058
2390
3614
2969
3690
3463
5966
6813
3843
6346
3112
2325
5235
2250
5262
5202
5244
4753
3004
5959
2403
2881
4858
3324
3466
3425
3732
3044
3573
3039
3909
5002
5156
3098
2965
6197
5825
3504
2451
2413
5300
4290
5934
5686
3228
6341
3820
4842
3342
3396
4179
6261
5371
2405
6969
5881
3558
3285
6666
4885
2422
6592
5334
4319
4541
6018
5586
5158
6376
5184
3483
2863
3851
3937
4832
5104
5392
3966
6550
4902
4906
6955
6914
4807
5817
3275
4461
2326
2701
6213
6296
6940
3743
3844
3559
6991
2797
6934
2606
3076
5284
3383
3620
4005
4837
2560
2643
2369
2890
2937
5127
2142
4375
4477
3632
4087
2809
2126
5581
4596
3333
4069
2839
3224
5792
6189
4388
3440
5790
5669
2327
6950
2198
5890
6867
4076
3554
5020
2673
2911
4274
3625
4384
2228
2126
2442
5680
6015
2995
6589
6488
4918
5405
6174
5774
4891
4000
2213
2247
3516
5677
3526
3769
4790
2958
4942
2214
6004
3828
3226
4802
5121
3512
4363
4940
6355
2850
4420
4654
6177
6548
2007
3071
3300
5227
6783
6049
5060
3655
4056
4925
3768
3992
2012
5377
6624
6964
3170
6370
5507
2451
2232
6360
6770
6811
2631
5686
6878
3834
4545
3577
2637
6089
5728
4982
4878
3304
2322
4184
4763
5244
4162
4084
2258
2799
5917
2739
6546
4957
6433
2268
4331
2560
6504
6766
6064
3659
3356
2256
6447
6927
3822
5232
2144
3151
5604
6622
4837
6194
6639
3258
2166
5611
2237
4772
2284
6494
4615
5615
2695
3308
3270
5960
6472
4366
4996
4179
4376
2791
3472
4975
6044
6662
4945
6392
3449
4170
4384
4538
4610
6990
6351
2650
3132
4364
2612
3016
4363
5759
5473
2503
3907
4180
3237
5018
6516
4618
6545
6215
3302
6689
3232
4634
2400
3151
4323
6399
6850
3995
6508
2274
3556
6282
6291
4921
3193
4807
6821
4982
6726
4839
2907
5375
4392
2588
6556
5943
4712
5720
6609
5329
4468
2748
3200
6872
6517
5578
2933
3271
4532
5322
5308
6651
5895
3417
2210
6318
6715
2373
3416
2283
3039
4376
4630
3063
2900
5691
4723
2192
2665
2396
6376
6231
4495
6323
4512
4789
4514
6268
3081
3609
5343
4110
4698
5331
4557
5643
6272
6527
2015
4316
4683
3167
3407
2846
2780
4110
3190
6360
3459
2611
6119
2755
3350
4168
6811
5983
5034
4964
5195
6045
6589
6491
2874
2805
2167
3692
5712
2177
3742
5873
4437
2472
2508
5545
2484
5385
2845
5986
3041
5256
3987
4394
4711
5299
2973
3553
3040
2233
5999
6115
5715
4452
4851
3842
6177
6499
5307
5895
2014
6350
2342
4867
4960
6103
5068
4689
4680
6867
2655
4849
4147
2357
3456
6593
2510
5107
4312
6831
6952
6156
4491
6244
6399
4524
4649
2822
5257
3006
6719
6964
6534
4551
3710
6179
2415
2469
5109
2690
6926
2398
4873
5237
4423
6271
3932
2318
2933
3905
5743
3053
4223
2990
3449
6379
4955
3066
4421
5538
3365
5794
4701
2610
2655
4478
2122
3114
3782
2817
5794
6150
2528
3727
2043
5115
3074
2651
6324
2944
2531
4465
5652
6351
3829
4876
3250
6399
2217
4992
3219
6289
5884
3915
4807
2439
4949
3902
2278
4053
4542
2553
2797
6195
5935
3962
6102
6068
5649
4707
2132
4127
5925
4532
5077
4319
5049
5440
3239
4664
4210
5023
6891
3021
5528
4062
5719
5347
2897
4416
6291
4344
4087
5338
5051
6974
3844
6280
5982
2928
3792
2500
6693
2356
3817
6061
2395
3426
5557
5025
6937
5648
5587
5342
4981
3114
2910
2233
5100
4455
5039
6469
6359
6625
4007
2490
5552
6667
2887
4937
6766
5184
6396
2117
2417
5701
6104
3391
2826
2519
6882
2194
6414
6788
3758
3343
6789
6418
4109
5221
2325
4101
4217
2616
3982
4875
4826
3517
3199
4155
4680
4919
5131
5577
4493
3384
3816
3531
4560
2998
2432
5935
4471
4795
3968
6926
5521
3358
2021
5289
4400
6447
2441
6756
2447
4826
3535
2551
2034
2433
5735
2248
2929
3676
2752
2192
3516
2547
6631
5942
2452
6352
4630
3925
4473
3207
4889
6256
2561
6043
5645
2785
5277
2286
3542
3771
2151
3976
2738
2802
6531
5740
4565
6752
5617
2821
2926
3014
2206
6669
2470
6812
2005
5031
6824
5448
6703
4484
5019
5753
4451
2145
2325
6441
3799
3860
2623
5792
2804
3729
3287
4409
5219
4640
6657
3321
5068
5630
3037
3987
6115
5060
4524
4718
4461
6202
4138
4957
6730
3612
2628
5068
5170
3957
2928
2878
6066
5888
5031
3549
5075
4259
5019
5161
5743
2224
4267
6794
4022
4443
4093
4202
6624
3539
4789
2391
6751
2610
3882
6605
6695
5566
4434
3774
6619
4982
3441
4975
4805
4501
4308
4565
4348
4816
5309
4316
3857
2848
6608
2992
3374
3197
5924
4814
6771
3858
2272
5127
4328
5729
6506
6199
3661
3490
3133
2089
6486
5639
3385
5447
2518
6744
3472
3507
4509
6335
6885
3088
6984
5383
3440
6635
2151
2468
2825
4620
4786
6958
3946
3620
2767
2774
3790
5556
3120
2686
5731
6628
6975
4870
5205
4792
6498
2102
3791
2726
4162
5200
2008
4539
3925
4234
2629
3251
4492
3345
4398
3065
5177
5208
6988
3359
2275
3372
6692
4762
4739
5778
4992
5547
3099
4106
3421
6662
5869
6884
2432
4980
5272
4994
3086
4519
6929
2027
4394
4992
4427
6563
3140
3617
2260
4826
6250
5739
4412
4362
3383
4839
5995
4564
6978
5392
4146
4782
3212
3639
6187
5854
6687
6480
6581
6278
6894
4362
6694
6975
2837
6589
3916
6577
2173
5768
2875
2939
2710
5960
2525
5948
3083
3881
2582
2025
6592
3921
3259
4380
3644
3534
2928
4428
4488
3474
6046
5624
2853
3545
5441
3766
2681
2806
5508
6816
6245
3778
5020
6316
6103
6284
4396
5466
2921
2800
6975
2330
6964
3088
6428
3686
3582
3552
5566
5319
5590
2523
5503
2403
6456
5470
4182
5285
6741
5856
6417
3715
3563
4538
4563
4909
3514
3203
5582
5850
5956
5650
2242
3431
5242
4760
5524
6747
4018
6374
2336
6020
3687
5877
2309
4877
4754
5998
3892
4671
6751
2605
3806
2720
4944
4730
3680
3473
4851
6012
3991
5444
6544
2568
2571
5142
2612
5481
2509
4457
4051
6504
4582
5360
3043
4657
4590
4766
2697
6414
2616
2829
4083
4492
6209
6733
5803
4821
4831
4435
3888
2407
4977
4867
3001
5112
3666
3682
3968
5138
4207
2989
3265
5953
2451
2281
3761
2435
4555
6115
3117
4991
2426
2201
6720
4278
6770
6052
4339
6148
3100
6703
3480
6601
3539
5771
3731
3087
2012
6999
4080
5256
5662
5705
3372
2738
3255
4744
6756
4035
2444
3388
3677
4819
5085
6467
2866
6016
2374
2176
5298
3521
5246
4206
4870
3694
3324
6474
5043
4082
6805
3440
6463
3903
6619
4931
3754
3482
3700
5175
2715
5898
3404
3480
3975
3586
3170
3182
3886
2380
6003
3138
2963
3300
2396
5761
3107
5108
2418
5950
2094
2714
4802
2999
5372
3252
4064
5041
3148
4702
2844
4295
3311
3359
5006
5719
3873
6666
5759
3689
5918
3053
5889
5780
3616
4692
4381
4439
2507
3476
2751
4543
5063
4164
6158
3194
2988
2602
6238
2318
6306
2286
6913
4498
4212
4182
3458
3612
6935
6980
2349
4100
4725
3516
3311
3758
5816
2901
2000
4448
3399
4079
6444
2029
6267
3792
4631
6107
6723
2735
6812
6123
5031
3650
5764
6313
4286
4378
2178
6297
4332
4504
5851
6300
2516
4655
6979
5543
5576
5399
5019
4200
2726
3771
3056
3031
5491
2901
4361
6171
6275
6542
5788
2378
6587
5579
5381
4691
6950
2622
6462
2125
4207
2063
5441
5255
4729
5506
3144
2766
2778
4690
2395
6664
2739
4469
6339
3559
2178
3242
3900
6545
6267
5616
2608
4300
3971
5014
6695
4817
5035
5406
3261
4682
2710
5117
4663
2340
2143
2949
3050
4171
4523
2090
5468
2723
6935
6796
4068
3239
4402
6706
2954
2326
3015
3305
2204
6577
3726
5148
6816
2075
4066
6451
6372
6053
4309
3169
5242
2931
3066
2687
6985
6085
5276
4947
4966
4155
4638
3650
3206
6256
6571
3894
3908
4623
3087
6799
2942
5021
6415
4089
3636
3417
3833
5908
3490
6562
3275
4878
2443
4587
6797
2985
6279
4794
4348
4508
6259
2488
5695
2844
2888
3651
3072
2084
5345
4456
4081
3787
4531
2473
4790
4904
4567
4113
4322
2825
4373
3996
7000
3082
3620
3408
3339
5336
3290
4993
5488
4151
2165
4573
2967
5136
3550
3141
2443
2333
3362
5123
3338
6314
6512
4354
4988
5195
3249
4478
5253
2041
4623
6034
3481
2411
5494
5824
2332
6780
5068
4402
2136
5818
6653
2801
6672
3425
3258
3238
2929
6094
4663
5343
2728
6239
4101
2227
2196
6529
2846
6281
3123
4512
6011
6454
5657
6555
3132
3991
2703
4333
3950
5902
2488
3012
6041
2012
6491
4849
2745
5635
5591
2347
4644
2934
2995
5466
3580
6323
4869
2994
5207
3997
2074
3777
3879
5637
2214
6574
6646
4782
4139
6586
6908
2551
5512
2796
2807
5190
3098
4673
3751
4527
4431
6676
2351
6406
4775
2880
6334
5404
6026
5869
4141
2223
5159
2329
4877
2811
5569
3879
3083
6706
2440
2545
6373
5802
2471
4992
5540
4398
6531
2457
3498
4990
6844
5776
5478
3197
4135
4925
4247
3744
6182
6175
6640
4489
5499
3175
2229
3203
3972
3365
2580
4432
6021
6842
3968
2655
5857
2598
5113
5007
3165
3572
6540
4635
6039
4918
3697
2276
2701
5609
5767
5332
4905
5703
5771
3338
6599
5929
6769
6061
4555
5604
5771
5172
2837
3425
3969
5690
4901
2203
2218
2595
6406
3125
6461
5921
5680
2395
4071
5944
4679
6495
2056
3930
2571
5629
6372
6818
3490
2097
2101
2608
3175
2220
6767
5660
4300
4723
5611
2142
2068
5709
3668
2758
3182
4958
6003
5064
3951
4899
2229
4640
2023
3822
3463
6182
2902
6074
6058
5566
6737
5810
5251
4903
3440
2192
2704
4293
2882
3627
2911
6135
6258
3831
2587
4141
6604
4503
2666
4286
6615
4711
6241
3303
2325
5029
3621
3134
3960
5303
2223
4607
2166
2211
4538
5519
4415
5674
6678
6742
5075
6678
4439
4776
3482
6198
4534
3970
5296
2263
4499
6084
6282
5957
5797
3057
6175
6255
3043
5350
6576
3861
2230
4322
5516
6656
3092
3214
3341
2904
3996
2476
2715
6399
3735
6391
3651
6081
6607
2218
5614
6932
3647
4089
6525
4299
2225
3389
4326
3917
3540
4799
2387
3726
6968
3767
4398
4645
6315
4548
6733
6724
5510
2991
2057
6602
4485
3175
3121
5860
4097
5856
3246
5991
4329
2541
6257
4789
6408
2809
6587
5334
2484
2830
4187
4702
6032
3282
4602
3142
6151
6311
4877
6808
3987
6396
2182
3517
3830
2500
2713
2700
6619
5786
6180
5522
5572
6754
5196
2875
6274
5442
3427
5573
6007
3287
3133
3317
5554
6212
2613
5525
2776
5541
2189
6493
3186
4732
6000
6512
6356
4990
3568
2235
4051
2626
2907
6106
2016
2244
5853
3506
5104
2599
6345
6504
3517
4088
5315
2622
6906
3500
4710
2065
6226
3943
4605
2589
6117
6327
6191
5088
3588
6995
4895
5493
6941
4798
4052
2066
6920
4864
3571
5675
2974
3447
3629
5438
5826
5172
2497
5340
3697
5970
3905
3370
6374
6937
6823
5606
4820
4695
4617
4004
2797
6298
2004
4848
6005
2198
3870
5311
3951
4887
3491
5681
6629
6892
2128
6564
4002
5215
6091
4610
2051
6997
6017
5544
5235
4641
3781
5572
6761
5913
6355
6987
6528
4682
6677
6453
4865
4682
4637
5537
2031
2063
5708
4077
5207
4036
6989
4114
2486
4742
3762
3468
5774
3762
2495
3634
5896
2489
3635
5864
3536
2949
6630
4844
3033
3003
3580
6424
5600
4629
2315
2272
4196
4761
2152
5367
5694
6709
5189
4080
3261
4461
6466
5248
6801
5378
5948
4026
3752
3513
6079
4608
3005
4003
3191
3991
5592
4081
5084
3002
2206
4783
2273
4154
4119
4596
2397
6143
3366
4467
2507
3877
3142
4424
4422
4360
6769
5876
2763
4680
5616
2427
2602
4694
5525
3839
2482
5164
4555
2903
5839
3602
2470
6509
5526
3797
4349
2979
6343
6499
6841
5947
6002
2005
4577
3208
2008
3923
2413
4552
4636
6470
4160
4730
4949
6651
2718
2113
2824
6537
6926
3248
6783
5591
6661
3194
5179
5065
4931
6425
5001
4709
6344
4144
2110
4103
4792
5624
5237
3439
3300
5301
2019
2717
5651
4963
3165
4155
4215
5848
6930
5607
6203
2600
2959
5710
4013
4116
4442
6284
5533
2247
4367
6217
6736
6446
6721
2821
2960
4165
4037
3499
2472
3163
5645
5614
2541
4016
6871
6478
6982
3991
2542
6705
3900
2971
4280
2572
3723
6373
3026
2192
3961
2061
3660
3687
2329
6642
4956
5585
5602
2289
5804
6940
3520
2363
4907
6770
6924
2445
3728
4444
6479
4327
6644
2129
2312
2944
2654
2872
3907
4283
5649
6205
2689
6768
5401
4693
6694
4101
5170
4127
5262
2882
6606
3854
6173
6325
6421
4817
5777
2150
2396
4882
3783
3581
3183
3232
2753
2623
4816
4631
5750
2804
2706
2532
6680
2054
3019
5210
4115
6789
3419
6437
2328
6217
3382
4858
5248
6374
4438
2930
3746
4173
5023
4886
4532
3244
4669
5865
4755
5699
6739
5979
3303
6993
3602
6042
5678
5615
2371
5336
4147
5732
3567
6332
2679
5681
4873
4680
4977
5701
5380
6324
2663
4479
6624
3037
6083
4332
3129
2481
4833
4413
5490
2097
5582
4876
4827
6971
2946
3904
5183
2631
5719
5922
2055
6043
6747
4315
5658
3514
2269
6402
5072
2017
6817
5223
4444
2893
3945
5052
5260
6267
4402
4742
2063
6939
2187
2970
4204
3217
5314
4599
5603
2524
3003
6735
6747
5238
2191
2616
3470
5405
5222
2938
4084
5912
2561
4069
5881
4196
3942
2249
2444
2437
2877
5075
5288
2699
5554
6876
2762
2464
3138
2442
5537
6856
3973
4214
6072
6769
6180
3445
6121
6971
5675
3025
5581
2854
3423
2978
2424
3237
3004
3404
6773
3840
3117
5932
4018
3439
4109
5231
2852
6366
5571
2799
2437
2596
6982
5069
3337
3253
5747
3722
5608
5846
6970
3591
4370
3034
5923
3911
3176
4210
2160
6149
6388
6730
3989
3792
6392
6997
2843
6566
6930
5955
6098
4814
5340
5048
6161
6525
6068
6359
6797
3933
5050
3039
4907
2917
5485
5641
4819
2336
2269
4362
3407
6234
5287
6828
5602
3596
6875
4736
4691
6108
4143
6973
2793
4965
4837
3423
6464
4596
3747
3339
2641
4828
6881
2308
5773
3513
2282
4430
6910
5011
6098
4095
6246
2705
4784
6806
6375
3439
3825
4388
3747
3899
3534
2344
4199
4799
6029
4569
2967
4094
4375
3716
4267
2387
5988
3064
2785
3820
4793
3540
4338
4609
2264
2564
2931
5061
6929
6304
3519
2936
6564
3308
5354
3387
2671
2406
4174
3600
3207
6607
2914
4514
4996
4231
3329
3657
3091
3143
3885
5895
4599
2696
5160
5828
4265
5215
6322
2840
5094
4861
2802
5933
3946
6275
6409
4763
5494
6995
3435
5550
3975
5501
5638
2105
4949
4200
4921
3447
5955
2427
5000
4311
4359
6404
5787
2257
5194
5949
2421
6732
5921
3134
3880
6299
5765
3716
6015
4983
2512
5688
2064
6670
3145
5251
5177
5121
2852
6879
5449
3373
2954
4575
6555
6076
5400
6256
5768
5305
3651
4370
2275
3244
5706
2415
4798
6785
6718
3841
2803
2451
6060
5406
4271
4871
6547
6520
2618
2457
3376
4597
3755
5094
6369
2055
6819
6221
2462
6433
4546
6601
2985
5596
5373
5402
2185
6047
3662
2225
2392
5074
3998
6806
6917
3654
2440
5816
4010
2011
6177
3478
4099
2741
2793
5031
4831
2891
5522
3081
3218
3930
6120
6129
4024
4363
4317
2591
5661
4649
5662
3331
3389
5207
6314
4415
2910
5737
4713
4214
2430
4953
5384
5846
6120
4508
3579
5698
2484
3032
6632
4604
3238
4096
4013
3084
5182
3381
5489
3530
5891
6095
4005
5098
3111
3266
5032
4698
4845
3116
2974
4588
3259
5005
2347
5160
2680
4260
3376
3236
6262
4951
4768
3021
6219
5031
5903
2839
2515
4673
6144
4683
5732
2721
2729
6645
5258
6448
4630
4030
6134
3448
2842
4329
5044
2109
6484
2543
4241
2806
6224
4997
3697
3438
4527
4409
6288
3534
6919
4662
4467
5628
2919
6432
5402
2600
5317
6054
4893
4845
3295
6400
5746
3253
2763
4721
6153
3152
2458
3131
6951
2218
6879
4012
4038
5696
3232
3216
5104
6426
3192
3672
4968
2366
5594
3890
6600
5137
4549
5402
2395
2323
2760
4893
4506
2807
2873
2851
3883
3520
4167
6432
3855
2379
5386
6769
4444
2657
5910
3738
3870
2885
2654
4276
6534
3921
6738
6766
6936
4488
2147
6270
2012
5783
3315
6412
4284
3752
5473
6314
5315
5128
4336
2440
5429
2839
6174
4693
5440
5707
4731
4869
4017
3744
2952
5912
5263
4363
5134
2016
6080
4893
6802
6778
5495
5926
4589
6678
5459
5628
2984
4169
6962
3826
3636
6400
6239
5016
4287
3010
6647
2084
2918
6948
5966
3045
6231
6672
2537
2759
4718
6259
4329
4521
6983
2945
3377
3883
2223
2589
4460
3532
3101
2163
2081
3638
4483
5912
3661
6003
6385
3587
5482
6620
6448
4996
2585
2692
3746
2364
4473
2328
5627
5716
4117
4234
4987
3460
5320
2548
2540
3206
3849
2520
2880
3259
6457
5689
4406
5007
2073
3086
3862
5500
4738
6731
6757
5374
4600
2857
2154
2178
6426
3161
2242
2762
3793
5683
6131
5313
5552
3416
4720
5576
6617
5017
4091
2278
6775
3837
2591
5340
2991
3291
3765
3906
4438
5617
6324
4576
6677
5535
4394
3820
5164
5151
6484
5603
3673
6224
4571
5938
4038
6313
5429
4463
5665
2446
2692
5464
5596
6329
3620
4496
5328
2435
5855
6043
4404
3791
6694
3044
2485
4814
2837
5694
6775
3122
3431
3221
4416
3011
3632
2753
4309
5279
2384
3752
3063
6381
4770
6421
3778
6931
6108
6305
2847
3537
5713
6225
6940
2782
6356
5857
5514
4479
3125
5533
2589
3360
4301
2493
3621
4402
3280
2925
5172
6937
6157
5004
3017
3334
4766
2194
6850
3049
4346
5547
4006
3285
3328
3572
6835
4921
2877
2236
3617
3676
4322
4767
6321
3139
4699
4618
2904
2932
6970
6339
5221
4809
2511
5114
3196
4722
6386
6189
4304
2774
4097
5396
3723
2798
4179
2980
6302
3388
5470
3686
5271
4215
5672
4548
5553
4336
4238
4717
2479
2076
4966
5779
2844
3037
6481
4733
6035
4337
2229
4765
5146
4942
3465
3195
4335
4013
6602
2150
5703
5290
5462
2220
3189
6400
3213
6143
3987
3892
2817
4520
2726
3750
2015
3275
4312
5175
4155
6572
5666
6600
5123
2496
5730
2460
4177
6910
6464
4530
5131
4465
3655
2012
6199
4361
6752
4932
3307
2339
2403
5316
5888
2988
4127
5266
6747
5576
3757
4100
2889
3575
2741
2876
3713
5637
3560
4658
3359
4607
6858
2304
3249
3083
3396
6130
3678
3108
2830
3558
3784
3619
3390
3478
3910
6315
5521
5725
3193
2631
3520
6172
4353
3020
4804
5772
5594
5643
5761
4246
3112
6640
6964
5858
5276
5694
4357
4630
3753
6656
4326
4751
2033
3526
4744
3326
5109
6948
6437
6373
5771
5465
5398
4602
4137
5584
3699
2503
6998
5534
4594
2438
6553
4336
4744
2175
2613
4258
2885
3935
3037
3755
6323
5450
5561
2155
4929
4772
6803
6592
5793
3193
5530
2830
3815
2441
3070
3204
3225
5067
2479
2437
2997
5750
5676
4291
6251
2935
6746
2101
2640
5274
6354
6758
6785
4740
2571
5994
5864
5870
5513
5873
2019
6061
2251
6703
2773
5637
2773
2317
3924
4289
2501
3377
5598
3808
3928
2463
6808
5177
5993
5283
6278
6442
3506
5585
3617
3424
3207
6167
4654
4111
4068
6131
5608
4991
3574
2807
2418
2792
5895
2160
6298
2782
3781
2018
6351
2024
5992
3376
2191
3151
5198
3130
2555
2425
4835
6309
2632
5648
2943
2851
2829
6001
4314
6340
3511
3328
3120
6702
6260
4847
2176
4590
6905
5369
6253
2832
3892
2395
6675
6884
5684
4740
5858
5590
3515
3375
2880
5358
2808
3437
4211
4964
2501
5698
2648
5899
6155
6874
3368
6971
6870
5670
5361
5745
5231
6774
2761
2789
6481
3125
6293
6369
2176
3858
2185
3181
4165
6937
2886
5800
4673
5022
2797
5785
6448
6230
3510
3639
2775
2441
2555
6160
5287
5613
5200
4311
2994
2479
3621
3282
3025
4167
5918
3846
2942
5583
6163
6922
6057
4752
2042
2562
2204
2342
2838
5330
6199
5558
5006
6744
5759
3440
4467
3560
2674
6773
5802
2316
4223
5970
6560
6263
2742
5628
3038
6879
6477
2171
5926
5153
4792
6461
4672
5431
6769
5658
3687
3552
3029
4890
6042
5147
4138
3794
6583
2767
3622
3008
6221
4326
6798
2066
2647
6570
2963
4190
3638
5786
2964
5594
3090
5153
4756
2539
5240
6652
4556
4296
2825
5440
3915
4852
3110
4656
2919
3723
6917
4055
5415
2607
4528
5774
3372
2933
6720
6092
3688
6372
5689
2705
3084
3346
6942
6698
4594
6392
3082
6611
6505
2610
5267
4506
6516
5992
2777
2366
2747
5490
5738
3900
4723
3551
3973
6739
5080
6091
4795
3423
6054
2769
6380
3363
6902
5157
3021
4669
5970
5242
5762
2239
3156
2193
2515
3943
2129
3435
6491
5001
2283
5495
2690
5194
5496
5984
5235
6737
6392
5696
3999
3892
3597
3032
5779
6762
4109
6390
2622
5705
3405
3861
6923
5619
6931
5070
3148
3161
3801
2440
2848
5871
4271
4180
2084
3988
5478
5921
5433
6479
4030
4435
6567
4858
5593
5214
4954
5712
5906
3083
6806
3122
4879
4757
5258
5678
3789
4338
6941
4131
5533
3148
2399
2107
6977
4281
5267
5914
4432
6181
3718
4463
3168
3656
3827
4639
6760
2903
2792
4648
6775
3140
6058
4257
5569
4524
5298
6543
4349
5879
2954
3500
3351
4383
6950
2304
2521
3595
5791
5265
4039
2640
6320
2459
5626
2390
3373
6848
6274
6586
6946
5261
3409
4255
2373
4745
3037
4643
6285
4311
2951
2450
4061
3121
6558
2277
4518
5739
3862
4846
3565
3465
2340
3731
6937
2688
5188
4452
4897
5035
3427
2985
4182
4131
5668
4603
2935
4236
3394
6602
6816
6006
6139
3172
4892
4600
6113
5511
4916
4393
3866
6384
2933
4184
4122
6148
5286
3800
4026
3669
4240
4809
4838
6577
5391
3216
6811
4929
6487
3146
4145
6640
5083
6300
3789
4765
4748
5743
5037
4524
2543
4516
5010
6262
2026
5939
5472
5890
3332
4302
6152
4202
2309
5819
6695
2068
2250
2408
4049
4169
2858
4833
6768
3781
4483
6824
6900
3101
6393
3122
4376
6338
6531
5284
6410
5592
3198
6890
3324
2328
3832
3633
3598
3266
2264
2146
3184
5650
5643
6087
5347
6682
4949
6103
5206
6459
5804
5944
3940
5615
3654
5711
2915
3288
2615
4039
5001
6304
2324
5712
4754
4354
4408
3045
5331
5057
6904
2399
5063
5863
3402
2056
2592
2275
5745
6668
2190
2682
2904
6316
3829
4781
6149
4975
2264
5788
5666
5077
2190
3874
3889
4937
3107
5168
3087
2349
5334
6501
6980
5353
6665
4761
5457
4418
2861
3877
5912
3185
5865
2382
3334
2625
3916
6105
3306
2435
2186
3919
5516
6249
6062
2141
5191
6679
4559
2852
5173
5461
6886
5985
4067
5833
3851
6816
4692
3763
5803
6912
3907
6895
2406
4002
2874
4415
2402
2131
4811
4092
3167
2317
2067
5906
5336
3393
4038
3631
6495
4045
5237
5522
2470
3751
5527
4296
5034
3051
4679
4010
3569
3867
2225
2589
2077
3802
5491
5630
3293
6173
4506
4346
2867
2760
4343
3496
4872
6809
6683
5670
6022
2978
4499
5890
5749
2284
5549
2221
2971
4502
2568
4635
3319
5044
4385
5469
4127
3001
6438
5643
5616
5126
2410
4070
2580
2719
2652
6436
2928
3439
4330
6071
3622
5909
4704
6280
6666
3733
4709
6311
2456
2345
6968
5191
5901
3712
4484
3980
6158
3931
6628
3958
5005
3555
3314
6435
4601
5012
5040
6291
4530
5633
6555
6497
6528
5542
6888
5414
4607
5851
5902
3710
2617
4819
3101
3722
2062
2178
3010
5924
5222
2467
3061
4646
5017
2076
3572
3400
5991
5061
4485
4056
4696
2571
4584
2709
3990
3579
3435
3680
6806
4753
6407
3805
4146
5763
4041
4686
2903
3684
4092
4873
2761
3464
6550
5841
2323
6971
5158
6932
6723
2690
5602
6878
2505
4034
3101
5057
2219
2373
6607
5270
5082
5317
6762
3301
3717
5285
2352
3664
4212
4235
5496
2999
6095
4989
4820
4112
3502
2637
4821
5750
4238
6489
3538
5009
2879
2236
2105
3385
3852
6468
2837
5380
5935
2793
5419
3724
5244
5552
4432
4879
2854
3754
4184
4979
6781
5620
5740
5320
2043
4722
2749
4464
2126
2750
6603
4281
4407
2614
3225
6686
5876
4484
3732
6111
2839
3001
4303
6815
6775
6350
3506
6155
3311
4465
2266
3945
6437
5066
5644
5412
4842
6116
4182
6488
3568
5604
3146
2836
2817
4690
5720
2871
5676
5254
6077
6713
2545
5684
5063
3590
5943
2368
3606
2131
4357
5370
3080
6369
3810
5327
5166
2676
3058
2665
6028
2362
2188
5982
2032
2269
5536
4301
5500
2538
6343
6082
5326
5075
6996
2134
5911
5357
6513
5599
2369
4096
6545
2740
2454
4540
4207
6163
2178
2416
6940
2182
3137
6591
5997
2494
3501
5669
6632
6926
2986
5221
2496
3000
3683
5752
2902
5242
2912
5105
5779
3229
2443
6174
4685
2390
4374
5886
2276
4759
4103
2755
6973
6305
6208
6237
6000
4329
4468
2863
2661
6240
4401
6609
2626
5213
2771
6958
3243
6260
5922
6490
6211
2962
6709
3015
4465
2495
2452
2980
4777
5953
4604
3725
3333
4724
2493
4885
2794
2918
2778
2005
2750
6419
4655
6122
2166
6213
3575
5768
3768
2051
6664
6845
5211
4000
6056
3043
5918
2599
3368
4884
4346
6630
4677
3520
4737
2005
5171
5430
4143
3540
4410
6546
2514
4554
2526
6526
6575
2655
3134
5715
3014
4920
2598
3783
2719
2886
2351
3449
5151
6030
3155
6697
2851
2954
4218
3832
5115
2355
4830
2069
3142
4129
5965
3793
3050
5012
4169
5779
4527
6188
2133
5898
3655
4408
5568
6038
6589
2031
5815
4914
3634
3576
5392
2749
3709
6867
3796
6357
4972
5187
3550
2696
5158
5998
4381
4031
3033
3113
3218
5781
6363
2914
6436
3608
2556
3380
3479
5603
2515
3646
6305
4615
3855
3256
5012
5292
2148
2716
6999
2640
4491
4927
2604
2119
6748
5157
5261
5495
3667
5734
5244
6702
2084
4018
6672
6605
5699
2954
6866
5578
3548
5942
3560
5949
6466
2005
2579
3068
3704
2298
5944
2406
2869
5808
2917
2714
5790
2895
6690
3041
3425
6894
4376
3347
2204
5774
3227
6524
4302
5611
2294
2058
4001
6976
6677
5621
6705
3387
3973
3192
5881
2338
4479
2437
5108
3583
2460
6595
2692
6990
6226
5437
6659
4860
3441
5035
4306
3184
6152
3400
6371
2532
2761
5604
2290
2097
3608
5406
6137
2960
6590
4567
5246
3551
4694
6702
5722
2566
5911
6333
4472
6220
2991
4057
4737
4421
6278
4815
6258
4194
3742
3998
3609
2997
4149
6417
4995
5956
2230
6385
3019
2108
6388
5871
6234
6708
4645
2398
2119
2635
5117
2278
3172
4754
4475
5272
6937
2161
2289
6836
3660
4662
6517
6126
3492
5096
6501
6429
2392
5143
6633
5551
4268
6120
2735
3404
5653
4050
4032
6564
5779
4435
3187
3866
6395
6260
2477
3116
5724
4191
6327
2469
5951
5433
5388
3624
4115
2040
2040
4965
2214
2486
2651
5222
5814
6353
4583
6878
5249
3795
6454
5596
4698
2328
6871
2030
6968
3949
6180
6025
6319
6282
6612
6255
6420
2068
3096
2998
6790
3923
6595
5749
3932
6782
4586
2691
3985
6358
3538
5511
5022
5360
3796
4364
4784
3764
4538
6736
3192
5493
4938
4617
3419
5400
5199
3469
5400
6437
6554
6489
2095
5661
6056
3102
2759
6783
6006
3080
5747
2415
2418
3839
6723
2865
6088
3301
2031
5277
2519
5149
6098
5418
3509
5540
5303
6596
6502
3616
3665
5802
6492
5381
3521
2173
2838
6843
4157
5955
4218
5593
2802
5171
2346
4528
6207
2009
5133
2321
6650
6166
6107
5824
5488
5998
6497
4599
3165
2023
3901
4750
4200
5031
2466
4180
6852
3199
5309
2792
3576
2322
3240
4185
5505
6544
2331
3787
3347
6501
2626
5714
6846
2309
5119
4854
2256
6214
5681
6030
4808
6520
4781
5181
4294
3062
6987
3292
3123
6668
3643
6393
3635
4252
4514
4701
4555
2330
5002
5078
3921
4724
4065
2041
5180
5674
5956
4310
3358
3145
6420
5259
2127
3918
6401
3926
6278
6234
4093
4455
6610
6540
4098
5412
2825
2000
4942
5998
6222
2503
4301
5503
4037
2920
5404
4382
6361
3438
5004
4105
5912
4764
2092
3659
5764
5390
4267
2249
5999
5987
5696
5904
2407
6120
4721
3824
5154
3819
2404
2249
5283
6682
6640
4030
5909
4648
6782
5646
6608
5915
4847
2633
4679
4508
2979
3088
5092
5810
2564
5461
2299
5625
3256
2159
5089
4595
2060
6240
3861
3331
5978
4457
5863
4364
2239
4715
2329
3790
2867
2678
4355
5336
3182
2971
5445
4916
5886
3929
2023
2539
2463
5806
5967
4430
3718
5706
2573
3821
6179
6828
4070
4665
2159
2026
5541
2875
5301
5689
3134
3587
3442
4042
2446
3801
6113
2714
2716
5963
6091
6296
5335
6103
5877
3234
4402
4704
3645
3739
5039
6565
2728
5176
6381
4696
5783
4402
4752
3627
2245
5877
5582
5949
6233
6858
3317
2089
2485
3917
2094
5749
3928
4503
6521
4241
3602
2355
6612
5922
3059
5521
3069
5478
2070
6159
6086
6175
5771
5995
3958
6422
6269
4918
3532
4820
5556
4005
2937
4728
6623
4815
6829
3163
3603
2196
2368
2766
5252
3650
2348
6694
3554
6397
3587
5932
2333
3973
5798
3869
4165
2807
6865
4005
3276
6207
6968
4092
4357
6453
6145
4770
5674
6008
3625
6453
6417
4533
2994
5043
3961
5945
4368
4277
2326
3561
2093
4092
5272
3028
2813
5477
6909
5240
5198
6199
5780
3676
5954
3960
6620
6253
4010
4032
2728
2266
4628
2439
6180
2760
3809
3352
3625
4961
3693
3001
4492
3672
6300
5092
6866
3875
6077
2658
2774
5789
5070
5940
6040
2914
2850
3213
4170
6392
5781
3928
5606
3705
2595
3449
3508
6127
4494
4689
4579
2899
5369
4733
2827
2303
2703
6838
4764
4996
4501
3658
6863
5368
2552
5578
6480
6929
6165
5831
2752
2267
4683
5786
2584
3744
5706
4833
3089
4880
3826
6388
2622
2397
6750
4980
4057
6971
6235
5302
6147
3391
2610
3571
3795
2889
6723
4290
6793
6519
6628
5322
6366
5577
3998
2705
4530
3761
4875
5656
4266
6899
5880
3024
3584
3047
6317
5928
3091
3458
6387
3768
6676
6036
6291
