7804
11841
6831
7879
8366
8928
9625
7221
8272
6411
11867
6529
7668
8165
8529
6442
10940
7302
9428
7321
6763
11555
10630
8981
10585
8736
9654
9751
10110
6091
8426
9038
9863
7981
11113
8039
6212
8870
10286
6061
11747
7164
9869
7223
7060
8321
11775
6181
11763
6004
11080
6739
6372
9126
10581
10594
6245
8913
6753
11943
7288
11997
10867
10072
11238
11930
8408
6766
11498
6065
11994
8832
6331
6939
8420
9262
11710
11118
7859
11041
9759
7641
9074
10656
9790
6921
7838
11853
8447
9283
11918
7189
10745
11232
9539
11664
9526
6550
10708
8544
8950
7087
10373
11271
7991
7695
8776
7677
10220
11644
10897
11127
11248
10175
6193
8860
7950
8574
11172
6113
9439
6540
7790
10887
6561
11523
6203
8006
9728
11608
8718
11414
11555
7229
7482
8371
8943
8298
11281
6466
6198
10862
11333
10115
10538
10488
7060
9905
6413
8053
8199
6406
9741
11727
8464
11730
11661
11314
9567
11588
9682
10108
7535
9337
8529
7734
8727
10051
9189
10042
9137
8259
7649
11177
9602
10482
10285
7264
7900
10119
10912
8501
10425
7916
6806
6497
6150
9148
8527
10875
10810
9310
8102
10850
11714
6979
6341
9493
6884
7139
9266
9065
6736
11827
6728
6539
8369
11089
7788
9074
6414
7294
7679
11959
11135
7065
9275
11530
8819
9051
9597
7193
8430
9090
6816
11726
6187
11756
11375
11553
11514
11973
9710
9832
9626
7175
11053
7489
8804
10125
6800
8831
8379
7715
7414
11151
6417
6348
7290
9795
6749
7669
8817
10496
9564
8492
11886
8682
11077
10958
7333
7280
6624
7830
7138
11087
8056
11748
10710
9138
10783
9166
10296
11150
6728
6090
11887
9227
7781
8683
8457
9816
10398
9648
8801
10533
11242
9036
6814
9131
11332
7194
9602
7374
9344
6329
9068
6478
8447
9443
11787
7392
6262
7156
11471
10742
9678
9938
7168
6376
9698
7781
7190
11835
11616
6471
11789
7231
7813
9989
8360
9890
7567
7829
9930
10693
8883
6409
10000
8517
8997
10881
11291
10178
6033
11767
9952
10771
8553
7549
6517
9146
10004
7643
11703
6350
8294
9013
7138
10209
8068
11802
8818
7169
6954
6723
7068
8448
8200
7838
10230
9998
9310
11532
7904
8839
7012
10015
11834
11082
8022
8061
9360
11860
7417
8679
8875
9430
8672
7374
11845
11458
7072
11955
7572
9768
10797
10289
10191
11097
9674
11586
9564
7318
10885
7068
6983
8527
10740
10430
6190
11986
11897
10819
9438
8982
11012
11523
11406
7553
10458
9225
9360
6156
10472
11977
11505
10112
11449
6024
8895
11473
11465
8990
11972
6583
8123
10146
10351
6544
8637
11852
7858
6218
10468
6326
11476
8810
9501
9046
11572
9172
6693
11091
10468
9520
9364
6406
9531
6268
10452
6861
6369
8599
7396
7039
6026
7513
10457
6581
10872
10718
6556
6135
9311
7322
11962
8809
7741
9379
10777
11112
8191
8364
7147
6412
8369
9332
6694
10128
6200
10480
9434
10343
6174
6638
10414
6795
7153
7449
7396
7631
6450
6207
7944
6687
11337
10728
9072
7544
11870
8617
10960
8090
7225
10875
10782
8559
11793
9293
6377
6782
10773
7453
9602
9855
10005
9245
7942
9374
9873
9597
8082
6495
10526
11531
8982
9016
6155
6067
9504
9058
7394
6688
11177
8777
11838
11334
8170
10153
11363
11474
10105
11948
7280
7811
7021
8763
8642
6357
7970
8460
11481
10919
7778
11793
11682
9508
10225
7116
8751
9943
6029
10789
9824
6090
8785
9218
9781
8508
7208
8445
10033
6095
10591
10875
6969
7467
10053
6486
10306
11843
7648
10734
10757
9843
10119
11848
9683
7297
8615
11053
9039
11905
11549
9188
10251
8057
6025
8420
6773
10218
11493
7745
7980
7710
11364
8932
10798
6981
6162
7360
10133
7799
11215
11440
11868
9038
10384
11159
7292
8111
6781
8318
10199
6514
11045
6106
7258
11959
10262
6749
8565
9582
8209
7045
11336
7906
11631
7920
9950
11335
11248
6821
8988
6036
9084
10581
10897
7223
10881
10536
7422
7749
11799
9336
9043
7009
6317
6382
8381
8957
7132
8318
6302
8700
8873
9578
9769
9637
9798
11664
6783
9155
7809
8962
6050
6237
9216
8848
10741
11863
11297
8752
6636
8605
8023
6460
8079
8634
6994
11109
8290
6340
6405
8809
10555
6640
10393
9265
8944
6744
9725
11028
8494
9789
9319
9254
9580
7124
7015
6858
7423
8905
9171
9755
6417
8500
11768
9922
11808
8170
6503
9724
8384
8392
10858
8644
6328
11866
9257
6420
9407
8552
10667
10115
6608
6651
11306
6285
6955
7325
9154
7131
11787
8544
9886
7514
9409
9708
10833
11007
7904
11870
9562
8154
11521
10171
10418
7635
9949
7510
8156
11520
6523
6316
11637
9848
11344
7280
6864
7399
11284
9915
11839
10514
10576
8037
7703
9421
9688
8902
9485
6419
7224
6841
11562
9345
9211
7250
11527
6379
11569
7951
11435
7745
6548
9928
6707
11697
8007
9247
7994
11844
10297
8856
9953
11691
11474
8750
10022
6157
10514
8935
10421
10205
9905
11358
6345
8746
9382
8794
11555
9928
8024
6776
10714
11289
6473
9089
10610
10490
9336
7096
11382
10259
9928
11642
9620
7375
6946
11259
8563
10956
11883
7088
9092
11021
8233
11768
7953
10367
6082
9202
6589
7283
9175
7391
10989
9889
11105
9473
10486
11335
9989
7598
7871
9319
10815
10439
6330
11112
11784
9258
11879
9250
9124
8834
9186
11744
11117
11616
11589
8781
11981
6302
7353
10745
9108
8274
9934
8800
10975
8525
9504
8608
7383
10822
11112
10372
9660
6843
6593
9308
11867
7451
9770
9348
11908
6804
9972
9434
11606
8827
11957
6995
11645
9701
10234
9895
6157
9622
6060
11505
11925
8054
7466
11599
9241
7485
9353
11933
10900
7154
7240
10640
10253
10712
9589
8366
6922
8182
10512
7034
7003
11737
10334
7483
6774
7010
9870
6399
11280
9231
8152
8193
10667
10902
6082
8681
8578
6675
6446
10542
9043
11731
9069
10710
11837
8719
9658
6178
6732
6339
8423
11781
10540
7700
7666
10786
8865
9785
9843
10439
10141
6939
8933
8037
9110
10864
8154
8097
9933
6892
8399
9801
8508
6293
8625
7484
9170
9492
11407
10004
10292
9519
8597
9071
11975
11852
7922
8826
10888
6825
9359
8707
11138
10341
7448
11242
11368
10075
8042
8691
7036
10699
6377
8277
10290
7050
9409
11461
6047
11436
10931
10134
9008
10070
10693
8318
9879
9172
11517
7664
11791
9205
8212
10555
7113
9310
8746
8759
6686
8164
8547
9005
6124
7016
10847
8959
10243
8975
7108
6980
10903
9174
9020
8878
11291
10902
10031
10790
7015
11995
10364
6627
6248
10397
10839
11014
10462
6335
6764
10847
10323
6180
8099
11930
9955
8435
8829
9176
8837
10016
7875
11006
9192
7250
10525
6012
8848
11577
11381
9667
11489
7428
6473
10040
6762
11069
9582
11284
10081
9933
7121
10215
7685
10067
7328
8903
10462
11964
8456
6277
11890
7485
11899
8481
6673
8550
6295
7611
8468
9006
11170
8962
7984
9608
7788
6845
11567
7330
9205
8492
6203
8243
7479
11476
7408
7145
9258
11154
7583
9003
10725
9686
7247
6386
11801
8806
10363
9473
7231
11555
8643
11475
7365
11873
7286
6666
9765
7494
6794
10346
7727
11387
6900
10189
11219
8670
7716
8468
8771
10376
8422
8144
8167
8417
10731
9140
11520
11679
10065
9362
10818
9863
7187
11566
9819
7049
6482
9178
7706
9466
10659
6726
7901
6375
10285
8758
10582
9689
7451
9777
6862
9790
8125
11714
8903
8766
6668
10533
7224
8408
9289
7614
6673
11776
7398
9034
7102
10194
7779
11746
9126
8528
9974
8455
10363
10847
10687
10034
6809
6829
10726
9815
9186
7486
11247
11935
8330
8939
7835
8229
6173
7409
10041
9047
10078
8928
10028
6034
8484
7908
11845
6347
7980
11785
11187
8944
10909
7081
10034
10796
7194
10754
9989
9211
10980
8616
7878
7009
11706
6873
11524
6780
6153
10037
6239
10860
7193
10754
9529
6382
7281
9961
7112
7574
8450
9812
8262
6368
7812
11693
11012
11734
7153
11371
7047
9618
9439
7026
10804
7133
6110
11385
10857
7458
6230
11529
11552
10922
10233
9634
7079
10321
10269
11470
11193
9004
7856
7842
11587
8086
8712
7790
8569
7502
11910
10479
7738
8588
11977
6802
8503
9713
11247
8898
11551
9022
7651
6984
7663
11375
8178
8751
7958
8507
11290
11876
11243
6114
11210
10405
10451
11801
10006
9899
6210
8009
11208
8447
6088
9782
7552
8852
8756
6897
9181
9503
8233
8534
10152
10702
6215
9991
11257
6492
8870
7791
11533
9527
11738
6394
6772
11001
9653
10218
11388
9082
6843
8770
7386
9717
6474
10744
7379
7551
10072
9164
9591
7531
8029
7961
8060
7657
6949
9582
11522
11482
8349
7242
11258
6554
9337
6967
6981
7724
9397
11996
6300
7625
9638
10175
9292
6874
8715
10621
6591
7466
10070
11214
6201
7789
6556
9742
6369
7944
11202
10675
9404
7225
6005
7201
11015
10398
10158
11404
9909
10926
8066
9607
7866
7542
7990
8426
6273
6794
11518
10667
10718
11425
10059
9682
10801
7748
9122
8798
10549
7183
8488
11077
10019
11727
11267
10471
7579
6616
9279
11486
8540
9045
8270
7584
7747
6909
10857
10292
11430
11613
9881
6730
11696
11613
8412
9130
9685
6221
10983
10191
10371
9376
7221
11774
10594
9538
6172
7728
6631
6226
8460
11384
11813
7659
7259
8228
10116
10305
9710
7342
8211
11641
11939
9246
7056
10137
7389
7589
10036
8421
10233
6510
6270
10203
11307
11458
7740
8759
8898
11354
9310
9619
10853
11098
10972
8037
8479
6961
10434
7590
8406
10661
7884
6407
7339
6722
9038
10194
10869
9596
9094
9251
6015
7486
10907
10930
10666
8506
6448
7218
7746
6225
10819
10201
10793
6565
10930
11379
6587
6970
10300
6265
7695
8971
10549
9729
10767
7569
8076
11069
8375
10672
6203
8070
10457
8612
7321
8925
11720
10726
11274
11823
10852
11997
9971
6627
10548
8382
7781
6583
10416
9880
10494
6195
8452
7990
7085
11991
9612
10162
10147
9194
10298
11917
10092
9160
6971
11717
10016
6311
9630
10291
6361
8673
10685
9115
7015
8317
11004
11662
9589
8355
7074
11581
11382
6064
7033
7120
10671
7449
10719
9783
10555
7763
6867
10924
10868
8711
10804
10728
10807
6587
6715
7408
9417
10873
10608
11640
6073
10502
9518
8710
7013
8721
9674
6465
11840
11382
8331
6662
6238
8441
11229
8557
8170
10639
6718
10961
9668
7236
11479
11726
6492
10350
10034
9172
9660
11790
6841
6644
10644
10446
7462
11021
11860
6594
10644
8685
9579
6367
6832
10293
9936
6114
9135
11606
9121
11774
11555
9117
11969
7540
10868
9517
8216
7606
7677
7852
8331
7799
7006
11781
9613
7310
10814
10066
11175
10840
6188
11622
10229
8785
8028
7986
10152
7931
7156
10329
11608
9624
9766
11241
7227
7500
8948
8370
11221
6341
7721
10981
10218
7442
11300
9583
11680
10832
8705
6173
8077
10188
8327
6699
10278
8347
8798
8614
11699
7564
8531
7840
9033
6888
11163
10128
9645
11057
10426
11194
8872
7171
8144
11388
7368
11122
6115
8046
9225
7693
9644
6114
6213
6616
8614
8383
10629
8037
9956
8630
6546
11971
6432
6801
8820
9102
10543
8094
9912
11683
8314
10860
11505
6236
6325
11446
11962
10215
6842
9084
9371
7834
9181
6921
6515
10597
11496
6904
10335
6016
7679
6171
9686
7848
8964
7190
11823
11824
6014
6676
6578
10995
8077
7413
7533
11931
10146
7091
11735
11926
8057
9177
8716
8046
10487
6668
7696
8871
9333
8427
8615
10590
7544
10609
10957
10183
11492
8808
10107
10215
11571
7044
11816
10696
8543
8070
9400
7829
8019
10183
8830
7851
6908
7240
6788
9314
11509
7380
11827
10214
11424
8156
6024
11786
7457
10421
8239
7208
7163
8920
10604
10460
11050
7454
6482
11546
10028
6526
6399
7773
9346
11724
6187
8514
7141
7105
6728
6617
8642
6365
8396
10235
9174
7561
8328
9937
7039
6566
6744
8080
7032
10991
9365
8376
6178
8700
11822
11397
11765
7800
11993
7099
6179
10382
6958
8080
8542
11824
10169
9756
8046
8398
9367
10216
6903
9338
6448
9433
7677
7505
9957
7338
10360
9672
11553
7543
8165
7425
11409
6893
7846
10932
7737
7861
10389
9525
9765
9025
8497
7485
6861
10061
7761
6586
8114
6812
7481
6646
11013
6215
6450
7873
9104
9955
8663
9926
10064
10721
6444
6816
10320
10103
8270
7121
9601
9250
7709
7048
7284
7491
11181
9152
6621
11007
7585
11165
9534
10603
8961
6371
6357
7544
9605
6092
10941
10406
10932
7062
8727
11366
8218
7635
11448
6067
10428
7783
7581
8750
9287
6484
6281
10874
6623
7790
6797
6556
11822
10170
11439
11442
11847
7118
9230
7147
6186
11665
6597
10648
11375
11957
8018
7415
6660
8083
9124
6426
10232
7798
8445
10297
11347
11244
10810
10674
10043
10513
7714
9544
6186
8059
7230
6625
10205
8477
11126
6274
6427
7968
9511
9879
11317
11110
6137
9113
7685
10381
8121
10272
10328
11731
11931
9768
7782
7533
7056
10963
9566
11712
6852
9101
11124
6104
10982
7454
9213
6430
8395
9011
10436
8961
10454
9671
6085
11482
10546
7598
7628
7147
8366
10093
6634
7320
8154
10613
8341
10714
7007
9167
10032
7009
10028
7960
10306
9971
11451
10338
7126
11969
10647
6663
8953
6063
7493
11541
9688
7459
11936
11565
7596
9749
8862
6204
6583
11914
7185
8988
6516
7002
6764
6145
7158
6752
9986
6271
8994
6905
8165
10162
9685
8654
8071
11673
8298
6247
6318
8514
10679
8360
10697
9905
11769
7463
10713
6963
7620
6946
11538
11686
6058
8009
7199
7225
6874
7638
11377
10538
10094
9496
9198
8289
11615
9633
11314
9252
10411
9870
9557
10991
10000
9192
6551
11838
10704
8089
10142
9726
8288
11151
11561
7801
10702
7496
9989
10599
11969
7137
7894
8649
8885
10365
6258
8419
8001
6072
10955
9469
10587
7134
10703
7287
8843
6647
6604
9141
11813
8293
10573
6365
9262
10662
9875
7834
8413
6016
6981
10297
7397
6212
8996
8826
9254
10630
6079
7762
6664
9436
6435
7673
8834
9617
11608
7294
7288
10641
6588
7697
11993
7524
10356
10418
11640
11262
10490
11817
9302
8012
9520
8973
7283
9074
7917
11039
6449
9980
8955
9168
8876
10636
11129
9032
7053
9847
6010
9159
7611
9066
8601
11126
7526
6909
10169
10433
10537
9544
9947
10908
7958
6661
6696
9553
8049
6536
6814
9333
6039
11142
9840
10208
7772
9300
7409
6265
6592
6600
10608
8380
7047
8258
11307
8601
9696
7924
9258
8147
10910
9664
10400
10215
10967
6405
9292
11683
10514
9660
11613
11992
8921
8707
9520
10515
11326
10880
11676
9926
9128
7764
8589
10244
6253
6077
11933
8683
9618
7883
11950
8427
8394
7762
9146
10571
7407
10958
9051
11441
6721
9610
11208
9171
9053
9694
8868
7318
9757
10203
9119
9251
7170
11396
6353
11842
6829
6542
8910
10956
11301
6598
10303
10287
10462
7603
8122
10864
8066
9131
7243
9840
10845
11070
6136
9410
8787
7886
6601
10574
10089
8142
11418
11115
8921
10822
9622
7828
9674
9511
9435
10932
10621
7911
11346
9209
9280
6935
8135
11863
7150
9238
7923
10238
6479
8771
7556
9616
7955
7184
10395
8758
10114
10262
8705
7146
7128
11772
10692
11942
10647
7261
6009
8629
8225
6243
7365
9347
9854
10438
7346
6358
8292
6916
9258
7941
7807
7160
8135
7632
7541
9813
8830
11335
8235
9762
8904
11200
10476
7254
6805
7298
11917
10286
9610
9862
7998
6973
11080
11479
8176
9921
11014
8671
7857
10519
6772
11984
10057
8475
7276
7354
10259
9455
8223
11807
10556
8629
6699
11141
10853
8274
7042
6451
6406
8742
6236
10994
6614
9654
11739
10451
6030
6124
11931
8960
10683
10144
6005
8102
9254
6266
6687
9855
11309
8933
10710
9694
9101
8083
7717
6315
9327
11740
8583
7781
6140
7193
11762
8852
9086
7408
10623
6901
11692
10179
9634
9659
8751
9575
8321
8140
11429
11284
10314
8714
7112
6715
11447
8022
6145
9620
10819
10553
8102
11119
11967
8613
9570
8523
11583
8680
8477
6446
8637
7679
9669
7783
11514
11490
8270
11992
10697
10664
8518
11933
8895
10877
7283
8791
9101
6922
7892
11731
8081
11650
10175
10256
6671
8776
10983
7987
6602
8894
9757
7174
10803
6188
10186
9188
8206
11832
11079
6137
10321
9727
8725
8236
11136
9256
6009
9530
6218
8380
9465
11576
7563
8137
6273
11443
10327
11022
6212
7180
11971
11502
10962
9851
9910
10634
6532
10224
7376
11794
7633
6161
6106
10698
7984
6783
10042
11013
9111
10624
11196
10424
11499
6572
6407
8159
7209
8903
9249
10619
6302
7333
6345
11444
7373
8767
8466
7273
10629
6474
6621
6543
8214
6552
8389
7166
9175
10622
11496
6619
10036
7934
11822
11456
8313
9060
9368
9195
9104
9222
8723
10521
6354
11105
8687
10514
6284
7247
6078
10094
8399
9453
10655
9491
8252
7322
9544
7646
10823
10327
7218
11635
10390
8616
11618
9991
7209
7586
10073
11002
7621
7780
6259
8928
10933
10937
9617
7819
11057
8449
11474
11826
7075
11814
11228
7454
6502
9909
8864
6727
6835
10088
7984
6740
10332
6086
11957
6941
11135
10621
9087
8307
6133
10626
7269
11264
6967
11388
6968
8921
9893
8160
9880
11529
11913
8230
11153
6968
6218
9544
10922
7487
8961
6201
11511
11166
10107
9421
7293
8694
8595
8722
11367
11401
11244
8449
6801
7490
7602
7639
9182
8355
6778
8807
6911
7821
10715
8750
8468
8415
6247
6650
7147
7831
7416
8942
9073
7245
9433
10528
6997
7136
10901
7586
6394
8131
9008
11440
7293
6841
11228
9942
9753
6184
6168
10626
8732
8635
8133
7459
8588
10144
7027
9508
9834
9934
8815
10095
7277
9914
6617
9341
8637
6021
7699
6401
11798
10409
7749
8135
9680
10214
9457
10924
6963
11291
6207
10100
8097
6553
6699
10324
7799
8731
11902
11890
11170
7500
6304
11494
9001
8467
9198
10254
10787
7446
7436
9608
11507
9144
7384
8887
6039
11327
10161
8223
6640
11175
10556
9488
6540
10744
9524
10393
9959
6409
10891
6172
6458
7195
8415
8730
9578
11134
11607
6648
11316
11200
11179
9993
11131
7376
6989
7190
8818
7645
11410
11396
8879
7729
11423
7482
7137
9142
7325
9867
8213
6675
8980
9584
8888
6257
6637
11525
9888
11532
8977
8707
10720
7787
11953
8011
8240
11056
9863
7926
9657
11303
11617
7929
7289
7476
8096
10206
8676
7717
6851
8076
6393
9363
8971
6446
9738
11342
9129
10484
11097
9399
7797
9088
7715
6680
8575
7608
7244
7811
6102
7892
7387
7195
8217
11124
8697
9209
11056
7337
11988
6097
8501
9883
11578
6989
10857
8274
10715
9602
11798
7527
9004
6246
11430
7383
10702
6232
6808
10808
11327
10749
6419
11076
6404
6855
6385
9191
11309
9522
10105
7588
9734
8961
11508
10515
8123
9106
7313
10700
11980
6846
9454
11161
8985
6867
9451
8829
9338
10878
7737
10774
6667
7903
6359
9806
9269
10971
6334
7874
6765
8441
11593
10225
11373
7074
8556
7457
9099
10196
11275
11308
6928
11003
10939
7814
7411
7346
11377
7305
7391
9462
7797
7939
7881
10341
11400
11538
6527
8599
8988
9273
10462
11888
10013
10838
9250
7333
7885
9621
6954
7230
10626
8043
10735
10541
6708
7711
9767
10568
7831
8734
9591
10211
10175
9961
8650
6108
8533
9439
9421
7024
10581
6590
7822
6760
7364
10756
10270
8595
6096
9071
6137
6445
9689
6333
6595
11979
6478
6611
8755
6565
9332
6897
11720
11001
9663
11211
10700
11360
11459
7794
9095
10772
9354
7325
6485
11884
7656
9485
11657
9701
8269
8197
11945
7900
8869
7476
6489
11366
8167
7761
10902
7565
9194
11457
6245
7165
7710
8826
11107
7817
8591
7860
11683
9474
10920
7428
10505
10828
11822
9635
11284
7919
11549
6047
7753
10099
11309
10242
6609
8628
6813
7342
10878
10475
7374
11370
11251
10121
11032
10932
7854
9183
10299
8945
7096
8942
9594
7187
10055
6524
9075
6033
10034
6580
6230
9441
6163
9395
7933
9432
6070
7284
7576
6459
8593
10247
11407
8217
7886
7366
8322
6594
10973
7492
10574
7471
9551
7694
8844
6777
6082
8642
6907
9478
7924
10768
6069
6317
11395
7542
8117
6095
9117
7799
7507
6952
10296
9741
10573
11471
8444
11521
9262
7243
6838
7755
6822
6324
11182
8433
11616
9575
6275
11916
11348
6437
11199
11228
10065
8470
10263
10569
11924
9506
9528
9746
9712
7163
10738
9199
10979
9050
11479
10194
8606
8376
11059
11526
7666
7861
6612
9371
9958
9614
11600
9448
9276
9722
11777
8803
9123
11215
8562
9015
7356
8864
7279
6016
6885
10887
10007
6062
8223
9677
11405
9254
6053
6036
10680
8992
11352
9896
7229
6670
10865
9632
10328
11671
6979
10884
9889
9178
7631
9654
6647
9907
8629
10484
8436
9072
11860
10655
6425
9624
9843
9881
6898
7112
7258
9856
11648
8788
9282
8014
9629
8111
6198
11268
9963
7383
10574
9903
10350
9469
9964
9698
10543
8703
7553
7176
11979
9144
7793
9891
6427
11494
8588
8359
7000
11246
6716
9100
7792
6955
10586
8942
10720
10165
6819
10515
8840
9625
8472
9412
9064
9804
6465
7784
6477
9088
6881
11569
7810
11253
9441
10838
11138
7908
11138
10689
10236
8809
11744
8098
11974
8989
9417
7117
7452
7011
7606
8169
9343
10851
7872
8237
10642
11379
6706
6617
8975
6676
9851
8324
8626
6155
7663
10170
10742
8412
6335
7870
7548
8369
7038
7961
6759
11726
10016
7436
11590
11169
7152
7104
9685
6006
11956
8524
6547
6386
7457
8034
6325
6663
8529
7234
7859
10405
9355
8754
11258
8851
6051
6676
6117
10157
8443
9916
7163
10004
6312
6971
8302
6566
10335
7562
10980
11123
7839
9610
6112
8842
11655
7362
8399
7861
6940
10122
9896
11661
6586
8193
11938
9918
7173
9902
6734
10763
7240
6062
6578
6367
9212
8385
9083
8481
8194
11066
11948
7057
6722
11283
11298
8477
7076
10011
9969
9813
7755
10198
6608
8394
7731
8004
9069
8239
8012
6071
8704
11381
7245
10688
9939
11624
10981
7605
6453
10826
10027
8155
8427
11804
10274
6433
7832
11180
8307
9526
11600
6557
10972
6697
11764
8587
10511
7958
8046
8112
9339
6023
11977
6617
8009
11347
11066
11897
10028
10567
11904
8112
10806
8300
8170
11667
7942
9751
8434
10669
7702
7654
10539
8958
7255
11148
8490
8185
9777
9373
10069
9427
8971
7753
10535
9996
8436
11756
10256
7979
10673
11962
9077
10591
7248
8433
11542
10969
6007
8358
10832
10706
6930
11247
7591
8332
9911
11745
11030
6595
9606
6869
6230
7896
10100
8103
10002
7502
11360
11683
8234
10114
11948
7618
6720
10128
9191
7395
6230
10506
11049
9842
9298
7408
11401
6012
9483
7808
9335
10625
11894
9105
11377
11045
7929
6073
8241
7995
6861
10662
11601
8902
6137
8040
10960
11308
7961
8646
11047
7286
11534
6662
9794
9933
9214
10386
10291
8627
11406
9483
11784
6705
11043
11844
11883
11988
7008
6845
8630
6917
9531
11109
8667
10248
7045
10173
6666
6094
6385
6253
10276
7387
10584
11600
7734
10201
10859
7961
11467
7232
6074
8590
8828
11835
9499
7318
7429
11731
8948
8045
11129
10387
7173
11424
11701
8073
7160
7423
7318
11223
6214
9767
8697
10678
8920
11799
6162
11585
6205
10201
9738
8938
6472
7029
10652
6903
11991
6484
11295
8764
9099
8661
11740
9718
8014
8675
10472
9323
10463
9785
6986
9605
8353
9557
6848
8459
10355
9653
9380
6048
6841
10247
7542
10340
9357
8012
8417
10884
8127
8718
10242
11802
10747
8702
11114
8193
11995
6502
8470
8211
8296
9417
10760
6138
8024
11766
8956
6085
8357
8152
8995
10366
8529
11622
9970
6609
11328
10829
10146
11276
10334
9352
6443
9937
6123
6402
11486
10919
8255
7599
9282
7407
11820
9265
8893
6143
10016
11910
10961
10724
6773
11982
8486
11759
7145
10486
11642
7933
6006
10441
8611
10418
9416
6129
6304
6767
9316
7883
9767
10979
10542
7564
11206
10485
11378
10978
7519
9529
8290
9421
8400
9373
9062
6299
7731
6742
7639
10967
11409
9191
7595
9117
11664
8024
11272
10243
11649
11490
11808
6973
11024
11767
10476
11554
6009
10654
10178
6572
9439
11824
10801
6925
11136
11345
8790
6178
11931
6001
11374
7378
10140
9697
8230
6131
11943
6495
10652
10802
7841
10162
10336
10987
6266
9531
9640
7421
9024
9229
6327
8131
7692
10297
10444
10699
8821
10434
11931
6123
9024
11127
8425
10818
6881
8983
9943
8325
7693
7847
7082
11407
7995
11027
7291
8106
11051
8338
8451
7289
9500
11288
11326
11879
7746
6275
11440
10517
9732
7309
10233
6914
8635
7273
9709
6727
11959
6216
7632
10656
11233
11649
6619
8044
8998
8831
9610
10158
6802
9847
8327
7349
6640
9413
7505
7445
7699
11847
7721
11415
10081
10896
8305
11130
6060
11490
10004
11425
11538
10801
11226
11616
11309
7116
8011
9186
7866
9835
10534
8058
7460
7738
10747
8969
6016
11658
6724
9981
6065
11366
9329
8702
8684
9020
7430
8397
7749
8951
6810
11661
11517
9211
9672
10795
11300
6330
8527
9221
10575
10157
10256
11321
6726
6539
7988
9914
7532
7617
6429
7358
11910
10950
11407
8090
7532
7304
10644
9331
11549
8637
6640
11792
7693
11784
8190
10356
6283
8291
8688
11397
6583
6568
7529
9840
11811
7515
6680
9540
6915
6876
9840
8150
7336
6650
10404
6042
10202
11529
10071
11851
8139
10653
8783
8854
11425
10536
11556
7691
8874
9341
10738
7049
10224
6770
6035
9436
6096
7851
11682
8007
8084
10080
8923
11901
6864
8012
8513
10431
6717
9181
10533
11917
7817
8266
8456
9993
8245
9945
9813
7088
10800
10812
9760
10965
9298
10237
6214
6274
11615
7235
7436
7465
10443
8073
6929
8551
9429
10231
11193
11926
6357
9231
9759
8548
11057
8592
11823
9247
10124
10310
7772
11922
7708
7126
11107
10951
8085
10208
11650
7955
9173
8308
8599
10659
8182
8901
11380
11078
8041
6593
8108
9586
6804
8604
6821
8722
8316
10426
11083
6204
8225
10283
7224
7102
9692
8224
9387
9967
10655
9781
9999
6380
6945
8457
10686
11675
10848
7321
11622
6613
7331
6978
11804
8390
8037
6062
10488
7683
8862
10928
7342
8617
10085
11919
10168
10259
9858
11830
8999
11001
10951
6367
7331
9889
8513
6061
8968
8572
9513
11492
6590
6351
9856
8494
8729
9994
9875
9601
11130
6660
8956
10403
8190
11812
6882
7643
10454
11071
9546
11032
10227
7115
11526
7612
11481
10625
8105
10581
6993
8634
7414
6169
10800
8570
10500
7571
8616
8774
6524
6549
8344
11635
11350
10534
8742
6845
8328
11016
6852
9476
9873
10310
9181
9036
9945
10569
9923
10745
9756
11688
9954
10437
6140
11191
6974
8977
7157
6235
9000
10010
11986
7411
7992
8392
11829
11014
7762
6744
8304
8194
6791
6074
6554
9294
6238
10215
6147
7469
8147
7502
7046
11038
8233
6878
11096
9185
7168
6600
11755
10294
6983
9365
9847
9454
9445
9629
6591
9846
7698
7452
7597
9571
10312
10548
8454
11110
7947
7881
11983
11822
9160
8670
9175
6689
9881
7264
8690
6063
6655
8630
7976
9315
10500
10841
10103
6103
9711
11307
6676
6930
8227
8412
10589
8011
10261
10579
6673
6732
11131
9443
11627
7314
10541
9594
8865
11739
11181
6462
6322
6991
8025
8564
7870
11711
6455
6649
7368
6804
7987
6961
7309
7413
7721
10302
8229
11299
9980
9263
7471
11970
7452
9045
7037
8902
7778
11343
9762
10407
10408
7921
6009
8707
7645
6023
11745
7746
10806
10782
9625
11113
7424
8293
8572
11303
7970
6074
8696
10500
11889
8754
7244
10101
6080
9108
10595
8975
8004
6414
10010
8731
11210
9788
9256
11088
7134
8262
10039
9705
8595
6946
10488
11888
9680
11025
7511
8074
8183
11193
9146
11317
9595
9876
9614
7173
8687
11009
6406
7939
7039
6682
8016
7149
7288
11181
9169
6266
7181
11766
7000
7134
10938
10445
6177
7767
8250
9814
7577
8680
10189
10438
6061
6066
6003
9602
8592
7720
9843
9395
6600
7580
9353
7215
6409
9979
7126
6880
6000
6336
7041
7071
11516
6425
6054
7129
8320
7435
9768
9885
10929
11636
10626
11718
6637
10170
10365
9838
8764
10340
11127
10493
10444
11929
6258
6118
7142
9812
10568
10635
10425
11747
9543
7586
11479
9615
11675
11955
9629
9739
6567
9763
9543
6376
10236
11665
11369
9634
8593
7978
11991
7143
6903
11407
11457
11173
8978
10453
7958
6345
8017
11017
9161
6979
8333
6143
7452
8008
11373
9614
9848
8205
9682
6499
9733
10374
11356
8616
10427
6485
11480
11463
11294
9379
8879
6703
8125
11284
10132
8009
9834
11330
6839
6181
8721
7226
9446
11837
7199
9514
7873
7709
9128
11410
6053
10379
7572
11455
10695
6673
6828
10863
6942
11179
9626
8010
9404
10583
9633
6128
9326
10637
10196
7297
6430
11899
8721
9892
7857
9863
10844
9623
11957
10774
7326
7612
11105
8834
10512
11177
10551
8684
11256
7036
8494
8242
8289
10315
6327
7431
10921
9534
11329
11597
11699
10935
9734
9697
6328
8954
7934
8989
10609
9970
7720
8407
9555
6945
11796
6482
8034
7883
6651
7955
11825
11815
10139
11233
10475
10450
11679
7187
6861
11899
9749
6784
8396
8954
6696
8384
9945
10362
7032
8543
11763
7267
6170
7278
6574
9150
9845
9016
9373
9907
7186
9560
7760
8031
7446
11818
11073
8553
6484
8023
10687
10797
11862
11821
9706
6581
11764
9009
11165
10967
6673
9661
9777
9513
8339
11229
7616
11142
7920
8086
8879
6258
10085
9904
11183
11485
7512
6414
6916
9009
10932
9001
11562
10712
6027
6821
9334
6917
6974
9724
8560
7771
7892
7017
11886
9514
9277
11296
10245
10042
11804
11118
9136
8777
9688
11466
11825
10891
11781
10569
7547
9852
11251
10369
10159
11707
9412
8889
6816
8325
7231
11094
10355
7523
6426
8053
10372
6940
10286
10132
7312
11542
8048
9187
6979
10780
11675
9241
8822
7781
9653
10282
8088
7341
9891
7265
11853
6772
8614
10629
8793
6250
6492
10188
7800
9514
8155
11670
8385
10544
11899
6676
11251
8324
11894
10991
11796
7383
6104
6735
11130
10663
7368
6581
11819
10116
9337
10724
7975
6974
9463
7581
7425
8083
8879
11777
8458
6713
6055
8584
11926
7532
11271
9190
10546
10069
10806
6880
6687
7549
7307
6498
11163
6600
11710
7609
11035
7478
7647
7878
8672
9628
9257
6798
7060
6798
8850
10847
7664
9737
8722
7598
8219
6603
9404
9903
11084
7469
6158
9876
11093
8387
11584
7583
7693
10075
8886
10869
11613
6261
7168
7533
8493
8926
10082
8150
7258
8187
11591
9629
8302
11630
11851
11784
7547
8241
9146
7709
7753
9381
7072
10903
7473
7425
7641
10951
10820
10491
11298
11538
11273
8140
8921
7904
7078
6504
7504
9820
8280
11014
11349
10890
10189
11152
9256
10628
9498
11705
10641
10660
7726
8646
11437
7965
8668
8877
10412
6090
6423
10186
8032
11938
6409
10829
9821
11702
7464
7086
7720
10918
7515
9487
10717
9616
11965
8381
7734
7789
9383
6654
7546
7972
7858
7482
6764
6210
9718
10438
6687
9990
6411
11073
6961
10561
7517
8031
11239
10551
6368
10900
9517
7859
6714
10271
7804
8095
7400
10191
10245
9549
11650
6945
10457
6620
10858
9616
9843
6612
11096
8204
9344
10619
8712
6887
7636
6920
10839
9301
8000
6422
6288
8681
6466
10632
7476
7087
9231
11308
10525
11462
7139
6637
9779
11746
10173
11316
6505
11048
6153
10346
7672
11682
9739
8849
9843
11374
8025
6102
6027
8630
10227
7352
11419
6087
7144
10263
10584
7216
11591
8382
6917
10211
9600
7268
8080
11353
9860
11907
9564
10463
11569
11987
8998
8563
10742
11112
11966
7705
6698
10645
10373
8862
6566
8350
6146
8382
9352
8571
8376
9778
9120
10665
10016
6062
8247
11960
11449
9619
8090
9080
8071
11553
11281
9229
11376
11843
7385
7110
7897
6075
10707
8098
9513
10468
6952
7535
11135
7015
11045
10477
8623
8647
11390
9660
9233
6289
9439
10615
8885
11405
9799
8898
6216
7643
8948
7868
8529
11426
10092
9664
10845
11409
8026
11848
6676
9099
11055
11979
6061
11833
11760
10877
8477
11411
8699
10492
10966
11307
8189
7801
10923
6908
11927
6748
10302
6532
8140
8329
8295
11939
6149
10425
7834
7319
9545
9816
10673
6332
11383
7178
11303
7942
7370
8702
6748
9909
6061
9326
11289
10845
6384
7680
11056
8137
6112
9235
7745
11661
8094
11327
7426
11656
9543
7742
9593
10045
10918
6160
6504
10117
9029
11864
11831
10219
6575
6044
7052
9534
7844
6388
11488
6143
10832
10920
9725
11310
9531
6077
10471
10783
7228
9345
11094
10670
6217
6661
9936
8352
9007
9206
9599
6365
7786
8270
7367
6276
6372
11260
10417
9236
8173
9710
7868
6442
9799
11234
8339
6996
11686
8901
7692
10998
8436
9462
9656
11492
9887
10256
7479
10052
9386
10097
8674
10042
8642
7827
10326
8149
10894
11347
10439
6151
8556
8158
11210
9251
10126
8653
7583
10393
7214
7426
7900
6563
9923
9329
10080
7432
11621
10202
8528
6052
10824
8045
6859
9713
7297
8638
11704
9467
11121
9068
8657
7013
9614
6452
10381
6667
8921
8338
10913
9369
7227
8426
6383
10698
7869
10214
11491
10223
9745
7953
11606
7198
7475
8094
9070
11300
6585
11971
11614
7669
10817
10549
7929
8315
7692
7590
10522
8609
9114
7706
8363
6744
6696
10070
7923
8767
8757
10095
10793
7344
7434
6184
8835
7824
11647
10815
8206
6703
7465
10603
10467
9108
8546
10336
7300
7249
10113
11843
8642
10921
9155
9863
9380
8807
7166
10655
9847
10858
8173
7846
10149
8951
10382
6861
7703
6372
9677
7268
6844
7355
7156
10560
11779
7196
9179
6118
8607
9664
7298
11232
11321
8498
10789
7713
11693
6832
7961
7614
9735
10687
6787
11911
9747
9499
6595
7591
8977
9044
8334
11058
8187
9057
10071
7821
11203
9349
10613
9756
9755
6037
6077
9675
6351
7451
6666
6167
7323
7974
7939
10395
7779
11961
8320
10570
11177
9544
7811
8183
8066
6183
10841
7451
8092
6131
9244
6502
11732
9565
9231
8235
8869
10173
6855
9504
11725
11080
11586
8020
8920
6861
7264
8965
10821
8857
8319
7706
11785
6354
10050
11945
7024
11988
8148
9155
6580
10358
10324
9654
8363
6947
9040
8049
11444
9110
10974
7183
11836
9901
10095
11281
6952
9011
11143
6915
7169
7454
8879
11089
11042
8350
8647
7029
8444
9756
11810
9822
11212
6810
9848
7296
9536
10005
11368
6073
8464
6949
11630
11069
8717
10887
8183
9006
9074
11281
8808
10232
10468
6426
7120
10353
11075
9243
6342
10172
8483
6698
11972
8561
10411
10238
7272
11393
8701
10907
7289
8164
6584
9897
10995
10444
6930
8953
11150
7585
11543
6443
11231
7850
9667
9614
9728
11391
11442
9092
9100
10017
10644
6179
10496
11409
11336
8240
11355
11068
9702
10990
11119
6980
6880
8024
8198
10898
9119
8410
6165
8896
8410
9087
8696
6319
8537
6820
6360
8320
6361
8586
9893
8166
9606
6579
7465
8439
7583
6754
6668
10615
8320
10722
6972
11336
10680
6216
9551
6438
9065
9850
9252
8286
6806
8557
6198
10050
11516
8333
9173
8642
7541
6017
10978
8631
8005
7134
7972
7310
7573
11554
11110
10214
10760
7544
11098
9315
8977
9346
11913
6082
11197
9954
10895
10616
9165
8326
10585
7102
10503
7165
9966
11849
8529
11689
8868
6957
11584
8641
7848
10448
10269
8745
8507
6128
10807
9756
8826
9086
9922
11263
11101
7255
10371
11558
9405
10514
6753
11689
8227
9502
11055
6060
11424
11392
10066
11590
6955
6680
10355
8008
6710
9170
7101
9872
8581
7085
8383
9985
10369
11534
8498
6478
11462
11492
6267
7416
9922
10080
6083
9462
9071
8792
10110
9797
10582
9356
10696
7569
6942
11553
10860
8677
8869
6333
8392
11915
7742
8505
11693
9968
10806
9378
9896
10909
9842
11296
7471
8415
11883
6246
11305
8945
6331
7393
6808
7758
8624
10621
11665
8486
6701
9884
10972
10481
10618
11444
6489
8682
9280
10475
8326
6260
6280
9975
11539
7844
11340
11949
6904
9341
11093
11887
6685
7018
7677
8367
6381
11723
6859
11439
7674
9181
10678
6342
10973
9086
8089
11659
8943
7367
7525
11619
10521
10166
10886
10163
10123
9303
11170
7999
11653
9280
11754
6884
10686
6270
7772
11369
6219
11688
7012
8989
7732
11393
6139
7979
8772
10559
7097
11123
11473
6763
8859
7215
8990
11835
6746
8999
7752
9833
11103
8146
8151
9534
7313
10329
8159
8338
9558
7413
7902
8518
11964
7113
6644
6756
11399
11295
10582
8596
9153
10668
8390
8656
11756
7715
10553
11449
7748
9777
6390
6180
10486
9322
10479
7611
7700
8413
8986
6244
9783
10039
10237
7197
8915
9603
10313
7717
11459
11279
9855
7880
8811
9594
9868
11350
10636
11973
6891
7844
6334
10227
6464
11896
10930
10728
8315
8508
8944
6955
10544
9125
8327
11230
11511
11091
7740
11131
7894
8556
10990
9503
11996
6877
11732
7182
7378
11343
10169
8702
11722
11314
10590
6958
11773
11692
7633
6305
8992
11569
9953
7383
6245
11388
7700
9843
11913
6960
11526
7496
11374
10454
11819
7405
7411
10764
8148
7761
10372
10478
9390
8546
9675
10481
10731
6524
11381
7767
10710
10633
6321
10789
7626
10570
9955
10477
6137
9580
8517
10860
9684
11498
7727
7474
9532
8883
8563
11769
8321
10939
7392
11485
9207
11813
6932
9917
9618
9606
9681
8343
8319
9420
9715
6532
11914
10146
6759
8522
10204
8183
10668
11532
10040
6355
9789
7238
6368
7464
10104
6627
6152
7956
11195
6026
10166
11353
11841
8738
9415
11541
10847
11134
7953
9696
11454
11205
11351
8487
8080
7137
9797
9045
9430
8471
9276
9099
8769
11082
11013
8806
8251
11628
9906
8293
11322
6184
8143
7409
8784
11858
10221
10875
10843
7734
6974
8223
6983
11321
6661
9716
8180
6228
6475
7658
11623
9645
8180
10111
6320
11486
9545
7610
10377
10884
9771
8383
11636
6627
9604
9148
8559
9097
11178
9017
9021
11990
8783
6543
8135
6727
6536
7388
7745
7184
8363
9435
10150
10941
8671
9764
11063
8382
10360
8097
11811
9101
10452
9481
6739
7864
8791
10183
7606
6188
10830
8988
7658
8415
11929
8115
10536
11679
7011
8622
9858
6447
7475
11209
9340
10906
6349
8173
8120
6639
6884
8066
10482
9856
6172
11612
6779
11465
7474
11286
10808
8865
9262
6022
11402
10990
8522
10664
10096
10892
6510
6957
8612
8368
9357
6199
9187
10860
9389
11183
8898
11091
8133
11323
11237
8133
7842
9891
9711
8030
11893
6902
6953
7552
6384
6879
9589
6957
11309
7801
9034
10451
7070
8470
6171
7373
8267
10722
8907
9130
7439
10504
9981
8232
9199
10921
8649
10465
8740
7846
11029
10463
11834
11841
9063
10055
7759
6531
8638
6663
9254
11169
10774
10294
11987
8489
8217
7212
11398
8127
6847
11656
11342
9307
6391
10017
9148
6003
8208
10446
8114
6187
11466
6316
8190
6753
11811
9802
8611
6873
6069
6597
9785
8395
7086
11660
6011
7454
7475
9153
11813
9846
9309
6651
10164
11360
7636
9153
8304
9481
7286
9828
9002
10330
8019
9353
10796
7587
8885
11324
11578
11660
8492
6814
9503
8620
7662
6321
10570
7505
8104
9087
9950
6679
9519
10093
6282
10473
6584
6061
9379
6540
11699
7532
9704
11990
9262
7727
6449
8214
6837
6768
11632
8674
10207
7682
10963
11285
11117
9634
6452
6031
7444
10950
11110
7393
9066
10438
6473
8746
10385
7766
7461
7749
6215
7850
7328
11944
6794
10772
10087
7911
11504
8482
11600
6446
8339
8951
8722
8937
9625
10823
6263
7280
8966
8035
9364
6911
8112
8810
8144
8650
10024
6681
6400
10171
11359
9809
8231
8912
9203
9265
11600
6280
10562
8918
7940
8182
10344
11970
11292
9704
9049
6536
10754
8794
8359
10093
9344
10426
11481
9103
10993
11511
8755
8054
8725
7223
8973
11243
8554
7754
7603
7003
8513
9290
7591
8028
8333
6288
7976
6413
11710
6370
8891
7284
6429
9065
8926
8686
11892
10593
9945
8148
9465
8911
6895
8683
10330
6020
10936
7297
11512
6496
8275
8382
6664
10419
6850
7216
10794
10728
7549
11289
7722
9709
11612
10015
8786
9365
8003
8736
10276
8101
6310
7975
6044
8507
6169
10138
6628
9267
10999
8543
11276
7355
6290
6212
9738
9604
10534
9567
9114
11587
7499
11250
9695
10903
8206
7833
10841
9648
6882
6316
9215
7161
7968
10389
11552
10713
11305
6180
7025
10883
7214
11640
7749
6889
7020
7016
6896
6489
11219
10361
10644
7022
11818
8104
11215
8482
11486
11020
10718
6064
8390
6155
6483
6431
11259
6583
6669
11076
10335
10862
6141
10744
7338
7407
11381
10353
11030
11419
9441
10382
10234
9872
10725
9550
6941
10560
9994
7482
6931
7617
8286
10500
7188
11816
6847
7008
7388
11009
11466
6173
7663
8029
6198
8991
8401
10759
11118
7770
10498
11782
6763
11273
8154
9789
8066
11530
8077
8699
10349
8560
9944
8660
9365
9555
7985
6012
8928
7297
7547
11460
11060
11654
11635
9789
8819
8346
8260
7976
7273
9489
10492
11243
10369
11614
8688
10280
8791
6154
11364
7509
9843
6901
9982
9764
7279
10477
10283
6091
6024
11050
8683
9391
7960
8445
11840
6476
10642
10440
6276
11689
10811
10189
8452
8659
6035
11165
7120
7504
11299
7885
8011
9831
6516
10843
7001
11525
11282
8693
11625
9659
8997
10953
11610
10379
11678
6726
7907
10960
11180
9999
6587
10974
11997
7877
10731
8356
7954
9601
8236
6460
7955
11439
9653
11698
7437
11037
7712
10637
6761
9469
9224
9468
10354
9778
9361
7665
8441
7423
8213
6346
6729
7329
6864
7355
11930
11008
7447
10151
11433
10305
7683
11533
9628
6527
8988
11797
11307
11861
8550
11136
8726
6130
7983
7265
11170
8651
9351
9084
10022
7550
9399
10168
9661
11561
6645
6966
9272
7001
8266
6324
11326
10172
6029
10467
9062
9805
9431
6309
9832
8600
8258
6220
8584
6759
7320
7594
6278
6411
6298
9786
6663
6067
11705
6023
7161
6277
10766
8411
6519
6011
7198
8589
9675
10175
9740
8647
9293
9405
6868
7223
10000
8388
8660
11129
11012
8850
7442
6477
8366
11802
11587
6798
7409
7459
9370
9523
7905
6732
7375
11052
7690
6889
9458
6430
11835
8288
10093
11489
11317
10002
9691
6982
8327
8551
11746
11139
6854
8473
7540
6169
11677
6712
8472
11994
9233
10364
7547
9648
10442
6392
6023
8448
8563
8914
7550
9540
7572
10338
8677
8268
8454
7009
9023
10307
7281
6405
6414
6567
10532
10814
9682
6486
6973
9023
9535
11005
9226
8988
6078
9109
7586
7014
8321
6403
10096
9408
8023
7733
9291
10544
6523
10041
6224
11663
6256
10982
9215
8023
9674
11221
6289
7312
11965
8444
7510
6808
7956
6908
7219
11200
10618
8983
6179
8805
8760
11772
6925
6664
8305
8388
11479
8600
9054
9406
7000
6727
8554
8864
8347
10983
9830
8404
9412
11876
7444
9854
11709
11138
7711
7320
7442
11091
6764
6023
8413
11726
7616
8693
6276
11831
7819
9357
6443
9410
6950
7385
10649
10785
8475
10557
11222
10770
8791
6298
9231
11233
11161
9258
9212
10369
9543
9534
6704
6692
9690
11226
10293
11791
11035
8105
7790
8841
8129
7408
11866
6861
6450
8233
9308
11036
6969
9748
7843
7922
9516
10005
11159
9720
7412
9281
6588
9459
9255
8705
7948
11165
6689
6312
9647
9756
11058
7414
7293
10041
9318
11646
11950
9980
10689
9786
10360
9186
11798
10290
10558
9504
7388
6325
11154
7267
11222
11295
11295
10829
7530
10490
11811
10081
11518
7178
7460
8207
9722
8850
11620
6698
9770
6461
9477
11294
8451
7604
6039
6457
11892
10716
8529
8099
7955
7204
7402
6008
8908
6088
8066
10407
6686
11664
9413
6762
10263
7288
7344
8552
8465
7602
8449
9502
7498
7186
9159
9407
9626
8905
6070
7396
9570
7002
9641
10847
6760
11130
11186
9293
10870
6163
10732
9442
8776
6814
7631
9026
9256
8654
6017
10667
8600
9983
11151
7498
7426
6958
10069
7907
6480
6084
10521
8780
7074
7803
11129
8778
11966
9150
7611
11683
10308
7027
7640
7673
8819
6107
9943
11996
7636
11850
7922
7620
10378
11138
8855
9211
7146
7727
10767
9424
8802
6075
11339
6544
8474
11583
11955
10308
11800
11439
10122
6616
10282
7326
11852
7847
9592
9889
11126
9642
10512
11376
9430
11103
6937
6813
6291
8060
7742
11613
11966
11093
8766
11424
7807
10718
11795
7429
10983
9928
6499
10746
11644
10041
11405
11564
11364
9663
6819
11152
10614
10688
7716
9070
7550
6395
8687
8240
10006
7185
9292
10421
6480
10026
10993
10397
11103
6092
6061
9823
7246
7843
11718
7258
9207
8590
8877
8313
7724
9501
9716
7091
10760
6916
7746
10143
7880
9309
11265
11726
11918
10339
6393
6504
9429
9462
7947
6039
6637
10551
8340
9849
11624
7158
9824
7597
7233
9846
10806
10249
6433
10941
7436
7970
6008
6255
8843
8552
10130
11682
9329
11089
10298
10577
10630
6016
6051
9786
7381
8774
8397
11072
6710
11124
10685
8537
7215
7168
10060
10339
10536
7140
6948
10951
9324
8135
10091
9238
11981
6662
9723
7627
10485
9902
7449
6685
7333
11143
6428
8776
11191
7099
7468
6682
6166
7313
9791
9055
6395
6683
10980
11117
10799
6150
11882
8603
11009
6220
8542
11614
7007
9546
6421
9008
11225
6301
7728
10986
10579
8087
6448
7821
7850
11031
9134
10476
6022
7358
7725
11402
11832
8452
6147
7650
6454
7877
10063
7394
10203
10753
11463
11441
10285
6139
11261
10990
8065
10832
7656
11146
9416
7175
6165
8512
9194
6012
10927
10382
9706
11939
10002
9179
10996
9057
11475
11862
6640
6683
8982
11772
9637
7982
7553
11716
7544
8693
8751
6104
8378
10072
8817
6786
6899
10944
11604
8307
9542
7122
8299
7082
11824
7695
7897
9431
8589
6237
6471
10421
8860
8723
6723
11571
11878
7229
6459
6009
9975
11743
9949
10454
9550
6368
6933
7715
11556
9768
11789
10854
9084
11051
9505
8655
8610
6867
11210
9318
11835
9750
11917
9317
6612
10114
11755
10680
6289
9475
9534
9191
11222
9079
9234
9254
6336
8250
9108
11864
8988
9280
7315
10921
10244
11034
10140
10058
11223
9837
8571
9279
9104
7906
11538
7124
6091
9445
10903
11885
10953
9311
8937
6217
9981
11573
11224
8651
10814
10977
9015
10398
6179
11573
6940
11032
11823
9162
6025
6995
9923
6303
8228
10476
6074
10414
6137
11376
9302
7107
8845
9440
7369
10775
8935
6074
6649
10029
9120
6547
7551
6038
6082
11416
11994
8350
7258
9747
9868
10579
6702
8852
8401
7690
10850
6384
7116
10925
7575
6043
8138
11002
11779
11663
8926
6057
9956
10875
9142
6154
7006
6887
7419
10416
11185
8661
9248
7918
7073
9593
7067
10554
6167
8113
6471
8931
7539
8228
6988
6147
8327
6866
8068
8409
6168
11194
8199
7766
6082
11628
8032
6999
6691
8792
6110
9314
10409
9470
7508
7719
11505
11762
6611
11256
8330
9905
8358
11911
7067
7551
10758
7530
8760
7385
11498
6535
6391
6692
9728
10707
9757
9239
11548
10284
10142
11811
11568
8887
8872
7731
7842
11205
7072
10052
10604
7384
8304
6172
7672
7773
7996
8835
6147
8203
10230
8079
11885
7655
10990
10213
6465
7088
10398
7210
7919
8650
8696
10425
8373
6489
10321
7566
8677
10598
7762
11438
10803
7642
8532
9277
6529
9944
10872
11223
6860
11197
6673
9180
9747
7496
6405
10890
6465
6282
7967
7313
8067
8177
8168
11998
11621
11813
7966
6499
11868
9288
9851
6753
7777
11815
7146
6345
6476
9209
8643
9303
10852
9044
11445
7404
9437
11831
9886
10060
8667
6071
10047
9483
11439
9489
11751
6115
9060
7342
8149
10268
7474
7224
11908
9857
8394
11454
7228
9870
8393
9459
10868
8536
7198
10863
9023
7210
9017
6708
8003
7528
11489
9490
9655
10539
8473
6177
6453
10442
11140
8388
11307
8474
7450
9440
10091
7108
6458
7265
6348
6929
9381
6593
7995
7805
6889
6948
7742
6863
6608
9756
11220
10136
6469
10247
6889
6556
8574
6378
6639
6154
9972
11732
10834
8574
9091
11801
9249
11705
9214
10546
9541
10637
11996
8440
11633
11914
7610
11745
9093
7684
6021
11146
9291
11884
10523
8592
7579
9820
10142
10569
9457
9654
7115
7073
9330
9204
6315
10794
6737
8865
6777
8859
7013
8705
9136
6808
11972
11984
9568
8697
11585
6141
8511
8480
8000
11930
10981
8794
7159
10224
6480
8805
8719
10106
11593
7066
6104
8522
6031
10581
9967
6587
11540
8714
11586
8910
10841
10170
10940
9721
8841
9994
8252
11874
7815
6235
9576
6033
10476
7881
11736
6321
7278
10950
6677
6386
7091
7076
7343
8365
11373
9624
11763
8935
11189
6941
11059
9554
8311
10267
6851
7371
6772
10859
8531
10669
11551
10699
9364
8596
9922
8805
11100
6444
6785
10656
11398
10456
6289
8126
8766
6253
9411
7082
11605
9558
7675
10419
7097
7613
8672
11386
9998
6632
7269
8282
10035
9265
7457
7359
11862
6900
7769
8881
6390
8214
11356
7321
8159
6548
9970
9771
11353
8115
7797
6413
8403
7706
7960
8504
8705
6096
6003
9027
7398
6226
11969
10475
7296
7846
10938
6569
7889
7441
10055
11288
7865
11563
9436
8789
9380
8014
8774
11296
9564
8939
6226
9075
10032
11923
10438
6690
6756
8860
11089
6488
11470
6507
10453
11292
8627
10079
11592
8294
8492
10156
10626
7329
9983
8043
10904
11372
6482
6405
8835
10510
6153
8016
10807
11188
10646
7588
8061
7229
11657
9062
9783
9608
11547
6622
10178
7056
9769
6626
10744
7606
8469
6826
9083
6274
9877
7179
7821
8268
10620
8301
6177
10067
6782
10957
8516
8382
8831
10598
10476
9635
6658
8116
6302
6182
9778
7983
6791
8937
9510
10669
10147
9493
8232
7587
6012
11881
8467
7416
6411
9203
6383
7018
11161
11523
8772
7708
9325
10665
9644
8782
6101
9422
9003
8005
11781
6362
9899
9338
8441
9656
7968
7602
6250
6842
10854
11107
7780
9161
8806
9080
8372
10920
6318
8661
7760
7718
10970
11677
11946
9089
8189
10821
11573
10752
10667
10791
10830
7270
7267
11500
9174
7235
10471
10100
7690
8051
7392
6842
6667
8438
6227
6035
6148
11071
10447
7123
6027
9417
7234
11109
9620
11314
7842
7421
9896
8480
6288
7442
6844
8088
7348
11301
7112
6156
11748
7811
10364
9734
9228
6091
7988
7521
6010
7309
7517
7018
9783
11977
6591
7439
9293
6681
11382
7891
6392
8049
8539
7256
8230
7160
10801
6010
7341
8372
9025
7654
11528
11577
6333
7017
8242
7274
9887
7991
10148
11647
10403
10371
6292
7698
11062
8229
9310
7061
10731
9916
9205
8491
8210
6258
11817
7871
7826
6823
10119
11245
10194
7123
11610
10767
8034
6041
11430
6456
11645
6509
6079
11339
8851
9500
10589
8966
8595
11994
6895
6961
7798
6225
11026
9989
11454
8861
11839
8102
11196
7449
11783
6865
11172
11493
9411
11571
7004
6605
11745
8151
10114
11949
11773
9012
11953
10406
8910
10013
9381
7479
8565
9677
10956
9656
6103
9780
11401
10696
6652
7394
8011
9947
11296
9656
10110
9094
10677
8133
10228
7755
10284
11962
11821
11256
11340
7928
11815
11190
11995
10739
6116
9302
7059
6297
7850
11002
10033
9399
6475
9766
11200
8411
7969
6044
11381
7055
11385
6017
11063
10770
6520
10069
10769
8378
6722
6631
11887
9662
7651
8536
7728
7953
7355
9851
7511
6268
11331
10100
8924
7978
9930
8262
10163
10855
8947
8015
6816
10042
8442
9049
7388
8714
11250
7564
8268
10824
11850
9307
9225
6270
8831
11339
10723
11044
11089
8513
6727
11248
9437
10713
8563
8947
11145
6012
6538
11549
10862
7935
11363
10530
10265
10701
10436
8825
9975
10879
8262
10708
11401
7801
8059
7900
8036
6485
8799
9535
7447
11540
7270
8726
11653
10330
10323
9857
11030
8339
11566
11960
6842
9249
9271
9542
11790
7408
7178
8020
6132
7353
8418
6015
11651
10148
9689
7036
9394
10132
10154
6957
11465
9039
6748
8529
8539
7044
9972
8868
8492
10511
9871
9517
6642
8145
7577
7429
11675
7709
6418
7046
9778
11700
11562
6607
11666
7596
10118
10509
11098
10043
11253
7242
6961
11825
9810
8260
7901
11858
10037
7006
7404
8921
10056
8624
7442
10972
11388
9721
10962
10420
8871
8677
11581
10959
7447
10686
9835
7774
6832
11012
8208
11892
6376
10230
6990
10834
6819
10818
6024
6437
6208
10819
9223
7226
10854
7594
8947
7440
10894
6678
11580
11533
10417
11157
8402
10404
11419
6146
8679
10435
9386
9137
10450
11691
11050
9892
9273
10530
6087
11699
8414
11906
9000
9238
8521
10652
10045
10238
6838
11526
10499
6663
9882
8079
9426
10215
11418
7987
8040
8441
7498
9073
7991
9860
8896
9400
7881
10164
11101
11025
10742
9326
11914
11158
7333
7342
7490
9354
11558
8462
8287
10487
10826
10730
6446
11086
10061
8200
11961
7061
10067
9182
9986
7008
9994
8932
10048
10154
10102
9315
7601
11328
10491
11076
8175
11718
6446
11214
9183
6576
6651
8744
7100
11826
11029
7041
7976
7317
11245
7711
8976
7397
8993
7075
7620
9919
7927
8828
10321
11378
6764
10000
6635
8818
9953
9500
7883
7287
8169
6824
7773
7634
11518
8721
8332
10406
10783
8226
10292
7757
8041
6714
10138
10415
11379
10030
6414
9102
9821
10016
9800
7086
7614
10844
9158
10999
11026
7309
8557
6753
10444
9729
6783
10207
8399
10143
11741
8513
8721
9067
11856
9666
6687
7591
8762
6939
6307
7545
6802
10558
10640
11413
10312
9846
8470
7191
10289
10245
11364
6852
8761
6902
11623
7787
6726
9928
10526
11744
11878
10100
11075
6907
11841
7391
8763
10448
6296
7418
7385
8698
11556
6369
8062
11118
6425
7273
6281
8618
11859
6074
9123
7265
6962
8925
6833
9264
9649
9504
6449
9070
9471
10435
10745
10135
11121
9354
6055
10596
10294
6610
8414
6784
11137
9018
8970
9227
6220
7092
7751
9466
9766
7476
7612
7614
11951
6330
8157
8509
7022
8641
11364
7773
9910
8946
11214
7684
8059
8505
8128
11220
6014
8969
8856
7826
10820
8281
11011
6723
10892
11263
9542
9129
11865
6206
7609
6746
8275
8337
10617
6384
11035
11889
8109
7618
7480
10541
10632
10741
8603
9622
10838
7159
9328
7411
8155
10982
6301
7238
9805
9592
8238
11103
7486
11324
10177
10098
11954
6325
9450
6808
7351
7770
10997
6311
9292
7202
11501
10938
11987
7947
9128
6173
9897
6285
6630
6288
8997
10701
8455
10951
11712
6248
6560
8265
6816
11157
7268
11271
11053
10279
8704
7536
6419
6673
10571
11320
11143
8367
11340
8822
7854
6788
9214
7641
8216
6361
7429
10596
11248
10244
8366
6065
6184
7256
9440
8721
10361
9938
9445
11103
11435
8906
10630
9264
6514
11672
11037
10317
9177
6163
10057
10084
8747
10981
11419
11315
10044
8280
11482
7158
10557
10190
10692
10726
8710
7638
11533
6427
8343
6833
6314
9908
7692
7807
10386
11552
8306
10370
8222
7296
8956
11683
8186
7884
7764
10826
7684
8692
10375
9505
10572
10877
7227
9614
9418
6906
10535
7250
9639
9390
11460
6755
9410
6131
10880
7910
8149
6769
11980
11355
10707
8759
10831
8338
7195
6304
8800
6472
7431
6296
11025
8630
10439
10324
10765
8802
7975
10359
11329
6929
7213
6985
9841
6873
6537
10118
9055
11462
11895
7686
7070
9035
11832
7087
6514
6575
9678
7838
6194
11264
9199
8327
9682
11205
8180
11215
6209
6609
10617
7601
7803
7706
8170
11428
7057
11240
8669
10934
11882
8636
10045
6273
11191
7992
9182
8543
6091
8112
8118
10244
8563
8972
11082
7081
10908
11083
9405
11859
10243
8395
8399
9169
7211
9494
10094
10070
8484
8477
10021
10482
8054
10613
6037
7036
6766
10630
8396
8901
8007
8887
7989
9315
11792
10128
8570
6613
6068
9036
8357
10797
9057
8682
8572
10757
9278
11165
11995
11208
11784
10826
8820
6549
8243
9414
7387
9757
10175
10541
8659
10448
10441
9598
7038
8105
9232
6304
10178
10682
8275
8261
6540
11790
9476
8093
7980
11298
9481
8941
9151
8281
9823
9883
10447
10798
8787
11943
11362
8113
10024
7078
7041
11372
8343
11630
7964
8167
6651
11579
10058
6743
10432
6152
8426
7882
9384
9032
6884
10106
9132
9477
7882
11195
9130
7465
10411
7158
11879
9010
11773
6879
9399
9044
6488
6076
8364
9630
6755
6317
11097
6072
11898
6061
11235
7438
8218
9630
9479
8187
11570
7015
11581
11080
8014
7452
6784
11145
9080
8166
9502
8784
9164
6837
9662
9277
10805
9080
8182
7659
9736
9375
10762
11671
7946
7227
11443
9964
10859
11483
11404
7286
6992
8658
10088
11675
10371
8791
9511
7545
11612
8563
11991
7114
9168
9354
7105
9575
7731
7193
11251
10844
7642
6808
6567
6694
6980
7341
7285
11687
10669
9073
6465
8951
9248
11239
7680
6891
11414
8858
11274
6965
6143
9560
8569
11701
7011
8049
7955
9795
11661
7077
7844
8858
8362
10235
8311
9879
10179
10841
7418
7423
6201
6867
8705
11988
11516
10936
6816
9363
7103
6561
6136
8545
7808
11209
9139
8842
10113
11242
6265
8889
11014
9986
11671
10066
10488
9942
10352
8129
8047
7909
8613
11833
10090
10334
7759
10155
10051
6842
7976
9818
9709
11131
9871
7164
10282
6704
7082
7820
7257
10278
7432
7196
7408
6877
10341
7387
10388
7863
6587
8839
6807
8914
10512
7343
6723
8858
10928
10024
10339
7745
9467
8517
6001
10436
7601
8940
10696
7719
6904
7391
8707
9962
6290
8213
11949
9219
11405
7784
6453
10387
9447
9550
9411
8234
10223
11178
8616
7595
8089
7851
6991
9945
11431
10366
9932
10665
7554
11496
10942
10126
10180
10767
7829
8299
10428
7158
6911
8553
9516
9212
11737
8571
7165
11351
10315
7585
11021
7324
10653
7800
6202
9264
9230
7598
10118
8471
7419
9525
7554
9485
8316
6985
6054
9810
9135
10387
9786
8809
10182
10904
10101
11890
8754
11325
7597
8643
10458
9076
11514
7064
11191
8179
6620
6438
6596
10327
10539
7002
8542
11098
8267
11880
11852
6549
9212
10867
11579
7527
8387
8708
10410
7370
10821
10129
10669
9775
7062
9572
6382
8115
11963
10710
7914
10521
11019
6331
9926
6565
7503
10894
8396
10605
11138
6249
11962
10514
9088
7301
6582
10768
10312
9567
9129
10340
8243
11584
7826
9534
9676
8404
8487
8284
10298
11264
6166
7759
6504
6737
10523
8865
11748
6320
9768
11205
11592
10557
7186
6270
6374
6038
6681
7228
11081
11543
9923
8815
9284
7091
11032
9405
10505
10843
9543
7077
6656
8189
7250
8773
10579
6401
9827
7466
11586
6735
11404
9295
10077
10697
10494
11547
7017
7573
7347
7543
6903
9603
7876
8783
10513
8122
9777
6535
8144
8399
7018
6793
11692
11490
8423
8970
11853
10772
8762
7466
6253
9081
10810
6812
9725
6910
6211
6021
11612
11415
10001
7491
10311
7765
7470
7712
11389
9058
10034
11005
7304
7703
8298
11637
11514
11057
6052
6367
10817
6427
10868
7498
6621
10588
10318
7780
10381
6709
10168
8002
11373
6902
11919
9430
6160
7143
9883
7571
10037
7726
10379
10558
7412
10835
10134
8811
6430
9547
8908
9766
8677
6079
7712
10076
9537
7995
8101
9607
7640
10425
7814
8743
7846
9152
11425
10563
7658
6902
6827
8985
9022
7793
11767
9852
8561
8421
8911
7677
6426
7660
8785
6261
8794
10014
8508
6815
6004
8120
6820
11207
11781
7242
8318
11684
10341
11237
6865
6815
9183
9233
9760
8772
11426
7722
9770
10781
6099
11715
6167
8970
9649
6093
6240
9228
10385
11994
10404
9600
8365
8271
10174
10282
11297
7045
8608
7728
7061
7895
8273
9186
10433
9524
9791
7604
6179
9399
10532
10661
8664
7745
6823
6080
10977
8197
8102
6808
11573
7513
11032
8822
10104
7329
11604
6498
7991
10785
6839
11490
7986
8544
8391
9765
10987
7054
6790
8722
8797
10800
7194
7498
10997
8696
8371
6079
6157
10661
10920
8323
10563
10374
6738
9396
8636
11722
10672
9564
8600
9704
10576
7489
11491
7970
11831
8674
9856
11795
8313
10746
9924
10284
9800
11898
6702
8968
9975
6142
9900
10756
7512
7460
10211
11381
8127
11602
10391
6182
6888
9010
6205
8663
6906
11697
6190
7494
6384
9985
6567
11507
9583
6394
8505
11251
6965
10186
8710
8298
6058
6803
7517
6786
6669
7768
6838
8809
8292
7013
8021
7562
9802
10228
9808
10704
9860
8440
8067
8546
7316
10690
10407
7161
8174
8167
11518
11934
10212
7365
6377
8900
9552
7276
10836
11048
8659
11805
8086
8176
11996
9897
8964
8227
11502
9984
6962
10202
6432
9711
11083
11674
8504
6790
10944
6931
9726
11610
7020
11769
11160
7484
7740
9633
10751
7509
8389
8496
7738
6279
10150
10705
9600
10428
7735
6431
11237
9975
7578
11443
6730
8139
7861
9322
9464
9925
7904
9342
10717
9158
9230
6043
11676
6981
7877
11390
8288
11172
7699
7613
11644
11101
8338
10528
7240
8581
11797
10876
10180
6904
11194
10354
9492
6737
10224
10432
8213
8780
9374
9797
7678
6772
10672
11822
9172
11387
10492
11729
11740
11332
11952
7767
7767
11693
11286
7732
7086
8909
10023
10055
9775
8403
9142
8059
11407
7276
7647
6314
8035
9451
7246
8308
11944
9120
6030
9671
11493
7271
11386
10661
10322
6931
9229
7547
8822
9066
8491
9029
7187
8927
8429
9230
8709
10721
7815
10016
7001
7790
7054
8255
6712
8177
11270
9460
9597
7646
11013
7503
7341
6585
8352
7630
7819
8119
6778
10879
10677
8805
7283
11951
7124
8249
10056
7489
11602
10320
7922
8918
8917
8121
10560
6772
8852
8495
8974
7733
11279
6229
11691
7577
6116
9802
8745
10262
6173
11937
9607
11255
6462
8966
6667
7726
6445
6037
7807
8060
10300
10026
11642
7367
7699
8327
9713
8520
7098
8661
11844
7251
9929
8729
9538
11669
10636
9066
6773
11028
10809
6922
6266
11502
9716
7011
8840
9880
6169
11364
11849
6427
11642
10289
7168
11380
8034
10775
8640
7804
8170
6325
7755
8593
11675
8024
11612
10405
9673
10384
8773
8606
11889
7177
9453
9471
6129
6182
9019
6049
9354
7801
10133
10636
11125
10818
9355
7123
6281
6327
7268
7070
9356
11317
11738
10465
7928
10393
11129
6183
7351
10087
7442
8795
9977
9811
10870
8289
10872
10778
6887
11500
9262
7999
8201
8878
6030
8156
10518
11213
7514
8106
7930
6336
9533
11026
11295
6038
10554
6383
6862
8336
11759
9758
6432
8521
7054
11132
7553
6629
6687
7247
6689
6010
8436
7310
7346
9580
11115
10820
6101
12000
11747
8448
6832
9655
7999
7374
10619
11939
8985
10335
8100
10659
6930
6258
6137
6471
7460
10410
11829
6902
11596
7946
8569
6206
6159
9576
7463
9282
6072
10924
8333
11605
6312
6908
10034
6407
11402
7251
6348
8675
11593
6592
9423
11056
11835
7171
6757
10366
7807
8682
6432
8988
7700
11358
8603
6515
7195
9418
7895
8407
9539
8516
10526
11242
7476
6329
8650
6266
11088
7273
10164
10694
10169
10419
6917
7360
7731
7878
7176
7096
11926
11915
6322
9869
11161
11574
8017
9263
10464
9007
6183
8234
8516
6898
7069
8031
11459
11535
8838
10075
7673
10940
10329
11546
10460
8060
6337
9283
9675
9216
11634
6238
6916
10149
8412
7745
10441
6628
10384
10373
7112
6360
9269
9599
10026
9571
8830
10112
8595
9406
10323
11011
11886
10890
6202
8083
10757
10249
9505
9856
8884
7355
11209
6022
11884
10210
9967
10764
9983
11040
7986
10303
6390
7354
7337
8847
6708
6742
11939
10310
6744
10148
10882
11689
10684
8914
11457
9337
11182
11843
11845
9170
7313
7972
10401
10947
6754
9567
8507
9214
9990
6616
9424
10045
9689
9194
8319
10100
8642
8118
7717
6287
11093
10893
6240
11768
11662
10620
10969
10732
8943
7194
6034
6475
9341
8732
11905
11633
10801
11371
7899
8680
11677
9529
10308
9972
6858
7154
11007
7876
10602
11957
7875
7303
6544
11493
9918
6435
6788
6568
11688
11880
6032
9598
11735
6459
6042
10133
6965
10557
7239
9381
10431
6329
10976
9987
11108
7345
9242
10909
11213
11052
8497
9497
8451
9631
10965
6312
8302
10356
9132
6692
8405
9405
7801
7444
11291
8137
8591
6883
10723
8394
11816
8363
11094
7287
11130
8024
6418
6308
10672
9940
6095
6995
10953
8639
11826
7705
6686
10076
10375
8860
7626
9392
7265
8998
10412
9154
9344
7146
11299
10883
7158
7711
11223
10434
9667
11863
9075
10119
6921
7872
6987
6149
6601
6800
6417
9338
9871
6669
10570
6995
11269
10119
10847
9831
11277
6325
7662
8209
10640
9017
7569
9468
6025
8319
7137
7887
11692
8556
9883
11019
10365
8775
6816
8866
6478
9872
7251
6682
10236
6430
8555
11770
6411
9680
8508
6549
6731
9823
10004
11818
11003
8590
11288
6865
9894
8785
6092
6338
6756
7543
8217
8548
7112
11215
7869
7683
11005
8225
11624
11168
8957
6014
8290
8431
11787
7079
11310
8771
10383
8397
7799
9711
8525
8605
10941
8367
6691
10906
6211
10392
11457
11377
7586
6826
9582
6967
9601
9779
11657
7141
11856
6818
9608
7307
9189
11844
6442
11796
6582
8086
9003
10513
9327
11481
11591
8452
6500
9195
9302
10437
8233
7915
11269
11372
9783
6751
11501
7596
11555
7368
8603
10143
11885
7787
7815
6624
9090
9675
10207
11483
11858
11612
8057
7518
10928
9669
9925
11500
9599
9271
11246
11567
11599
11119
11146
10428
9329
9192
8907
6243
11519
9233
8726
7557
10983
11430
10012
11414
11087
7317
7146
9568
11712
9252
8876
6532
10317
9619
11624
7543
9100
9918
6012
8120
6818
7349
10856
11969
10972
6051
11135
9422
9749
8606
8728
11987
11537
10157
8153
11032
8589
11425
6808
7233
10479
8713
10701
6027
8406
6877
8636
8072
8324
11042
11396
7161
7360
6133
7732
6068
10046
9552
7881
7568
8641
7579
8350
8510
6305
8784
7526
9193
7875
6792
7818
6650
9920
7709
11839
6710
8363
11878
9356
10658
10577
9937
7682
6718
6798
7833
6688
6463
9956
8250
7597
6024
6072
11950
7524
9359
6528
11514
11337
8660
11272
9509
6868
8552
9507
6502
7716
6275
7436
6855
8412
11997
8179
6928
10823
11809
6978
11653
7064
6185
6684
9740
6552
10332
11427
11521
10160
8787
11071
8844
10410
11913
8262
11480
9725
11030
8509
6079
6154
9400
8484
11135
9059
11797
10330
9863
9277
6361
6717
6539
8216
7145
7237
10196
6380
8979
7169
8664
8713
6685
8372
7843
9387
10761
7025
7597
7365
10023
6292
6244
8914
7160
11132
6206
7315
11761
10699
9750
10253
11955
8755
7873
11478
11566
9327
9564
11131
11331
6532
10363
11252
10639
8338
11038
10541
11150
7030
11638
8225
8230
10723
10790
10790
10444
6027
6959
9716
6119
10389
10613
11317
6605
8961
6060
7230
7968
10019
8020
6063
8638
11855
8839
8563
8516
10287
6590
11352
8040
10475
11332
8347
8378
9758
6509
6432
11850
9474
11410
11036
7676
6239
9959
7395
11738
10462
9247
8593
10157
6382
11976
8640
7070
6563
7352
10704
9800
6116
7730
9712
9884
8082
8287
10329
10436
10385
8391
7769
7523
10007
10673
11077
11355
7529
8342
6062
9400
9027
9510
11243
10913
6392
9288
7488
11353
6377
11605
6683
10302
8082
7072
11223
6705
6532
7267
8726
7534
9353
6280
10967
11868
8929
9138
9301
7395
6075
11642
11964
10668
7172
11867
11422
11574
11366
10312
6176
11123
10189
8373
8175
7263
11439
7447
7713
9438
6081
10311
8485
8829
8987
6273
11824
9030
7834
6912
8478
10072
11641
7501
9898
8054
9919
11687
9501
11675
9930
6648
6874
11543
6321
9968
9712
7184
6153
10761
6491
6693
6873
7093
8964
9587
7572
7591
7109
7607
6745
9352
8206
8937
7418
8409
9179
11008
8620
8434
10268
9902
7336
8372
11793
10630
11682
9428
10828
7125
9733
10261
11924
11194
6005
7700
11149
11786
11919
6136
8631
6164
8954
8929
6387
10735
6709
6860
7600
6805
6830
11652
11950
10243
11435
11187
6594
6005
8239
7030
10495
10078
7830
11073
8225
11045
10877
10608
6503
7205
9479
11057
11242
6221
10131
9448
10991
7872
7921
7332
9820
8746
9487
6221
10908
6640
7970
7089
9069
10434
7730
9947
8579
9484
7798
9364
11956
9257
11255
6046
8360
7522
9145
8343
8411
10219
6722
8454
8052
7579
8909
6026
8508
9444
11359
10677
11480
7872
6058
11871
8274
11532
11722
10165
8314
7880
10828
7073
10331
10184
7915
7237
6198
8351
6202
10145
6543
6668
6346
6579
9746
7043
9145
10765
7932
8055
6055
7187
11521
7998
6896
8016
11595
8490
7451
10621
6974
10576
9349
10449
7634
10947
10347
7540
7261
7369
6008
11245
11349
7089
8484
9641
9257
7180
7743
9834
9776
6861
10255
10705
7365
6392
7456
9444
6714
9811
9982
9482
6333
6421
6588
11038
10612
9998
11819
9217
8260
6755
11223
8358
6153
11890
9038
11311
9267
10878
11182
10807
8627
6361
7796
7602
6515
11981
7203
9717
10569
10509
10104
10912
7070
10101
10484
7588
6607
11351
7011
6189
11198
6932
7890
9985
6278
7116
10180
10968
8972
10504
11030
7837
6771
6496
11892
8782
10861
9664
7591
8865
8963
10078
10628
11315
8830
9851
7248
6652
11934
9597
10336
10459
7280
11806
7293
7795
7486
9763
7410
9166
10739
7799
8739
11725
8531
11633
7192
6549
9702
10366
11484
7501
8010
7962
7043
11561
7146
6703
6898
10646
9485
8660
7650
9790
10288
6341
7552
10948
7728
8254
7296
11772
10871
7307
11321
7660
10844
9141
7587
10612
10003
7799
7159
10317
11851
9639
6276
10221
9459
9642
9636
9853
10462
11814
11302
6574
6310
9743
10968
11535
8739
8101
8181
9970
10221
7426
7657
9968
8582
11694
6311
10432
8700
8552
11841
11423
6186
8733
9772
10929
7040
9734
10594
7371
10075
6334
7944
9473
8976
8603
10332
7024
10844
6618
10610
7949
9040
10139
11757
9701
9936
11470
6031
9603
11926
6766
11708
11051
7831
11281
9654
10536
10497
6836
7174
6204
8762
10751
8656
7387
11667
10822
9457
9080
10467
10518
11516
11519
8482
7301
8055
11521
10656
9270
6257
8612
7754
7616
9666
9911
9941
8770
9019
7361
6174
7475
10603
8451
11869
6115
10708
9437
9956
10862
11933
6620
11685
6177
9714
9067
8340
8854
10038
10646
7564
10192
7705
11995
11486
9262
11699
9603
8950
9844
9821
11289
8855
11895
7804
11832
6030
7132
10414
10949
10829
11096
11008
10514
8301
10736
11400
8377
6164
9709
6458
9003
6533
9954
11410
9205
8619
8327
7758
7412
7950
11517
6398
9850
8646
11357
11801
11234
8664
10241
9747
7109
8959
8680
10659
6406
10751
6291
7340
6455
8939
9995
9643
6955
7132
10083
9850
7259
9482
6674
8744
9576
8984
7092
10906
9135
6816
6828
9426
9669
6105
9738
6672
11792
11412
8804
10659
9513
7665
8950
6638
9027
11715
11617
10364
8756
7412
10222
11421
8274
8084
8440
11599
7097
8822
6000
6779
10813
9991
7350
7364
11707
8934
10020
11440
11293
11684
8462
9376
8783
7020
11064
8887
6985
10650
7613
8317
8086
8347
10417
10728
7113
6032
6867
9635
7658
6599
9221
8706
8814
11229
11284
10658
9877
10630
8580
7641
8531
6204
8461
11575
6068
9853
6950
10661
10562
10713
6275
7589
11850
8671
6457
9505
9052
11124
8100
9774
11123
9008
9254
11669
11856
9063
7443
9490
8058
8672
7164
8638
8543
11305
10012
7509
9480
10328
6621
6121
11375
9593
9789
8356
11774
7302
11525
7690
11054
7392
8754
6299
9788
11294
10369
7014
9776
10074
10683
7047
10435
6564
9811
7561
9399
11119
6183
9828
11505
9157
8473
6284
11086
6734
6833
9725
10135
7924
7046
8650
10268
10389
11195
7653
11961
11258
9299
6404
8495
8071
10140
9713
6969
11814
9654
8544
9647
7067
11081
10089
9154
11904
10332
9689
10152
11765
8260
8185
10284
6797
6337
8764
9001
11814
10538
9827
6558
11124
11505
10870
8322
10879
10206
9766
11636
8227
10916
8155
10783
8963
6219
8502
9222
6015
11790
8598
10751
8586
9250
6112
6564
9278
11891
10729
9133
10063
9086
10648
11078
8853
10398
7236
10613
8271
11323
9888
9054
8523
9820
6377
11678
9322
6025
11570
7451
9899
10274
11133
7193
11416
8141
7156
9744
11321
10204
8949
8107
8098
10512
8828
8488
10299
10664
10145
9010
7777
6281
10045
8874
7855
8595
11935
8723
8496
9616
6470
11785
6254
10805
8148
8586
8251
11343
11496
6283
11070
7463
11533
11966
6521
8655
7326
6191
9771
9950
9484
8647
7963
11030
9603
7157
9528
9473
7696
6517
8445
6886
8501
6339
8748
6482
9387
10185
6250
7282
9482
9822
6743
11646
10546
7146
7069
11463
7380
9617
10407
10178
9801
8005
6423
9312
8867
6524
7821
10680
8182
6411
11527
7310
7747
6590
10897
10709
8916
6350
8324
11809
8944
11137
8299
10773
11387
7760
7182
11616
8955
6973
9143
9236
6597
8946
10427
6034
10878
7196
9743
8371
9696
11717
9073
10120
6127
10973
8286
6382
7165
8335
9623
9913
6960
10369
11368
7736
10540
11022
7952
10845
11092
9881
6832
10505
9179
6095
9401
9825
8820
7184
11181
10456
11161
9822
8489
7167
11232
6988
7814
8485
9537
11847
9688
10159
7705
10660
8166
11676
11889
7787
10093
11768
11230
9312
11088
7201
8655
9304
11279
11522
11228
10947
9176
10708
8229
6009
9321
9695
11707
8411
11735
8993
10147
9775
6448
9605
10326
10945
11156
7147
9649
8888
6570
7366
7289
11954
10813
10653
8796
10601
10491
10313
6502
9535
6614
7128
10759
11979
10391
9930
10711
8130
9796
9412
8540
6411
9808
10914
10824
10296
10548
10203
9824
6246
11503
6949
9749
11618
6140
10291
10721
9571
10940
6499
11739
9231
7420
9930
9794
7571
10336
9451
6013
6949
6079
8806
10701
11029
9301
9220
10583
8362
7966
7321
11719
11574
6173
11660
10260
10931
8124
11686
6771
11000
7284
10169
9029
9854
10326
7304
6777
8595
6943
7780
6906
8881
9838
11848
6559
8934
8770
11327
8630
8739
9473
7319
10304
11157
7642
11557
10550
9956
11246
9993
11100
10722
9002
9212
10968
10740
6304
11944
10713
11814
9915
7259
9174
10551
7520
11401
8615
6110
9243
6373
9453
11839
6816
9896
11702
8640
6355
11860
10397
9375
10612
7468
8754
10719
10057
9642
10760
9916
9434
10959
10994
9466
8198
10912
10526
9203
9378
9131
10791
6022
9033
6182
9118
11450
9086
6747
8478
6234
11181
11204
9653
8757
11168
11150
9070
9076
6483
7249
11548
7449
8105
6155
11486
9548
6324
9790
8986
7826
7345
6691
6669
10087
11652
11510
11211
10089
10815
11590
8678
10500
9404
11510
9214
7011
8310
7830
10747
6023
11214
10023
9221
9328
10555
8705
11187
7813
11329
9658
9320
11232
11015
11854
8766
11308
7736
11071
7645
7365
8730
11571
7614
10133
9633
9626
8836
9767
6811
7662
10115
7904
8554
9427
10160
11280
7988
8698
7679
6800
9060
11019
7848
8536
8358
6162
10342
9251
9989
8078
10788
10390
8086
9825
8986
8081
6731
8299
8044
6375
11613
9422
10676
10302
6260
10800
8080
9698
10701
6007
7536
8618
11223
6140
11365
6970
7957
10241
10440
7115
9245
6951
10277
9681
10148
8000
8726
10076
6133
8848
10707
6114
7194
10844
10392
9452
10254
11804
8301
8579
7886
9677
10272
6783
11296
8085
11007
6002
8092
6146
9007
11459
9815
8931
11199
7741
6305
8204
7612
7749
6523
10733
8120
6794
11098
10485
8503
7120
8945
9159
7846
11937
11292
8241
7492
7446
11961
7420
8185
6916
8736
10450
8830
9152
11978
6466
7774
11102
8747
9510
8787
9201
7511
10813
7380
9882
11354
9071
11753
6482
9481
8726
8536
9181
7227
10628
6918
8361
9686
8665
6328
9205
10458
9557
9783
7373
11077
6039
6251
7478
9667
9865
9858
11860
11220
6671
7156
11444
8208
9279
11616
8046
6307
7699
7230
11244
9660
10299
11749
9961
7893
11338
9658
7345
9063
9286
10090
7367
9462
6003
6225
9296
11116
8746
11640
9791
10408
9752
10771
7019
7056
9672
6059
10439
7047
6335
8653
7365
8303
6780
8427
11783
7047
6894
10739
9783
9632
6782
9296
7360
7041
10343
6365
9743
8201
10799
6466
7482
6684
11685
11959
8351
9763
8602
10323
9807
6996
11748
7170
7352
11647
10542
7138
6557
8025
7046
11208
7460
7408
10399
7861
9357
8258
10581
8747
10019
10886
7173
9008
9048
9626
9263
9824
7148
6255
7738
10191
6830
6154
10718
9187
6672
8979
8428
10534
10703
10830
11435
11333
6816
10330
9592
8528
11951
7769
10941
7884
9641
7859
10741
8549
6067
11667
8916
11848
8304
8875
9678
6938
10621
8141
10814
10371
10408
11872
8227
9252
9888
6987
10320
11270
7959
9106
11834
10862
11191
9520
9324
10935
10641
10291
9103
11208
6639
8315
6378
9338
10438
11628
8499
10148
9177
6275
11601
9400
8492
10613
9805
9157
10595
11598
8582
7232
7537
9592
9505
8538
10065
9721
11430
7240
9161
6930
7756
9615
7217
8104
8102
6452
9456
10963
6252
11175
10988
6996
9507
6884
11239
11018
7658
10538
7841
11773
6211
8942
6890
11687
6277
6439
7734
6437
9804
10953
11301
11206
7774
6761
8260
9717
11475
10692
8730
10332
8144
6144
10525
10534
7569
6226
11034
7833
8724
8694
8599
9876
8255
8456
10569
10622
7018
9303
9681
9005
6630
7304
8450
7025
7268
7332
8833
8363
8242
10413
8378
7377
6222
10386
8386
7867
6083
7683
6168
11778
11884
11413
9143
8561
8557
8560
7644
9814
9117
6681
11599
9145
11258
6955
8219
6617
9215
11185
11371
7704
6588
10030
8788
6503
7268
9472
10246
9569
6071
7592
7002
9182
7889
6904
10636
10508
10466
10544
8211
10455
6914
10504
10738
8077
7220
6340
7286
9041
8609
6087
10054
11547
9054
9395
9110
10706
7680
7710
9322
10182
7376
9938
11264
11534
11886
10203
9339
11619
11505
6835
6336
11055
8094
7675
10106
9562
6223
7898
9389
8459
7512
8909
9442
7624
9707
7576
8486
6026
8519
9499
8742
8127
10974
7252
10074
8787
7309
9627
10229
9426
8640
8527
7441
10595
11351
8694
10776
6442
9000
7188
6241
7529
10496
6170
9288
7205
9128
11036
10124
8190
10413
9228
10571
9314
10419
7504
6341
8990
7760
10039
9420
10937
11791
6223
11983
9701
7534
8797
11513
9469
11083
8280
9081
11714
7170
7602
11393
10454
11736
6156
10886
9910
9928
9495
10575
7990
7572
8151
8029
8008
9898
9554
11190
7449
11713
7088
8795
8476
8706
10403
10273
11012
7270
6107
10781
9468
9726
8130
11993
6717
11584
10395
11775
8308
7392
9726
7338
7466
7955
7173
7385
11749
7139
9705
7863
7238
6070
10740
7954
9047
10045
7205
7891
9328
11189
7774
6218
9665
7827
10279
9224
9762
6548
9247
7556
10489
11185
7032
6259
11398
10008
9280
8148
6188
10550
6076
8733
11289
11302
9093
11534
7050
11976
10817
6160
8163
10308
7293
8582
9610
8151
11722
7283
11544
10605
9622
10696
11881
9975
11464
6843
9902
7141
9179
7207
9387
11703
9667
11592
9487
10274
10592
7295
6278
10209
7737
9482
6312
6904
11211
10608
7138
9917
9058
10587
11331
11849
6731
11993
10196
7605
6616
11365
8000
11578
6068
11097
10591
7858
7116
7126
10324
10573
6730
10513
10480
6898
9373
6125
11263
9078
7059
7068
8235
11283
7252
8750
6748
6996
7048
8050
7214
11576
8108
7399
8330
9431
8620
9540
7744
7769
8644
7097
10972
9076
6738
7445
11429
11869
9030
11735
11151
9732
7897
10390
8976
7071
10802
11153
9247
8246
8567
7182
9232
11833
8428
11856
11066
11269
11560
6837
7106
8570
11064
11714
7705
7711
11393
9209
8792
11757
6940
11474
8901
10138
8120
6792
6004
8131
10235
6035
7899
7826
8920
9491
6369
10260
7433
7074
10220
8272
6603
9339
6998
11499
9618
9122
10343
6761
9274
8837
11419
7049
11947
11304
9737
9860
6307
11903
10318
9780
10806
7326
8461
7718
7893
7126
10381
6121
6802
11528
9434
8999
9080
6711
8882
9510
10493
11746
11186
6493
11110
10444
8744
11872
11309
9723
7392
6836
11775
10596
11510
9341
11692
11099
8320
10906
7975
11256
7803
8759
9494
10119
9600
7745
9663
10822
7395
8826
7613
9134
6198
10085
7754
10118
7885
9405
7239
6074
7024
11777
8401
9525
11599
6472
9463
10498
9984
9675
11476
9951
10023
7323
9343
6217
7071
8076
7616
7838
9134
11323
8835
6697
10549
11230
7126
11397
10750
8694
7759
10732
9887
7454
8690
8833
10029
9749
6216
10796
9209
10101
8760
10813
9769
11289
7188
9794
10067
7453
8406
6974
10539
6440
9281
11033
10779
10366
11456
6721
6322
9481
11142
6474
6271
10765
10092
11188
11830
6007
6345
11185
7649
6866
6034
8529
10404
9618
6882
6772
10093
7445
8030
9246
10897
9477
10669
10336
6454
8582
6228
11553
8100
9027
10163
8675
10064
9144
10644
8047
9658
11838
9265
9799
7390
9116
11033
7975
11251
8416
8762
10925
6284
10354
8622
7992
6430
6294
9296
11578
10439
11286
9613
8972
6426
8104
11149
8177
6109
11073
9814
8605
6276
7859
11466
10031
9792
9991
6577
9750
6051
7668
6566
9872
7924
10256
7628
7698
9395
6748
11189
10901
10075
11860
11897
9342
8633
9936
7013
10241
9326
8312
7969
7615
8601
6658
10509
8218
9605
9088
11693
8867
9972
9224
11672
9678
6852
10819
6225
7990
11347
7449
10103
9485
7468
6307
7501
7716
9787
6604
8918
10198
9870
7130
9766
7927
6839
8167
11029
11918
8864
6355
8575
6785
8072
11573
6002
9014
10287
11888
11116
10642
8021
6744
11736
9245
9016
9957
9608
7376
6972
8745
10167
6584
7697
6983
8348
10443
9780
10077
7106
6111
9704
6137
11772
9065
7912
10320
8776
8075
9434
11648
9651
10487
6032
6987
7270
6704
8552
7243
11076
11549
7561
9123
6138
9403
11756
9572
11068
11306
11269
7170
10405
10835
6188
8724
6188
9140
9704
10403
6354
10235
7788
11628
11259
6169
11425
11784
7016
11282
10291
10748
7205
7256
11505
10605
7525
9504
9722
9717
8160
10883
7333
7767
11427
9807
7223
7984
9849
8512
7448
11324
7301
8376
7705
8177
11560
9556
9499
7546
7059
11267
6391
11192
11453
11975
6382
9098
9435
10657
8560
8340
10070
7091
6492
8153
6418
6409
9330
9755
8652
9832
10693
6723
7572
11634
10990
9002
6645
11125
7779
7576
10397
9189
10409
10487
8761
6470
11591
11186
8908
8693
7581
8208
8518
10654
8904
6784
9755
10329
10393
10961
11413
10456
10994
10939
9406
11108
11991
11896
9334
10771
11383
8889
11664
10598
10829
11360
8738
9078
11712
7141
10722
10367
7632
9189
10632
11006
9558
6389
7418
9081
8474
11836
11443
7757
9518
9804
6528
7807
8252
11598
10034
7820
10654
8668
11233
11434
11504
6726
6852
9097
7712
9015
6319
8827
11581
7333
7485
11745
9949
8107
11665
9642
9240
7829
9891
9735
7423
11671
9510
9944
8001
9093
10594
7224
11963
7663
6519
8504
11097
7372
11952
6701
6360
6254
11666
7947
8823
9534
11999
6311
7777
9594
10155
7634
11463
11776
10734
11567
7885
11284
8100
10470
7324
8775
7946
7760
6056
9115
6437
7074
11358
9499
6255
9600
9303
7975
11746
8207
10053
8247
7610
11273
7419
9608
8903
9138
7277
6643
10512
11412
8820
8645
6044
10472
7851
9359
10786
6227
9822
10598
10242
10886
8037
8061
10462
9062
6125
8959
8028
11415
10002
10818
11839
8379
11719
8662
7722
8680
6007
7857
7806
7728
6238
8649
10914
10880
10292
7973
7213
10591
8846
7058
10463
11824
8930
7360
10120
7856
7934
8243
10752
7135
8564
7876
6606
7942
11100
9419
7841
7825
10280
9793
6844
6949
8770
11751
11894
8985
9232
6328
10700
6934
11037
9727
11685
10837
9105
8093
11193
8414
11328
7544
8711
8461
11070
11534
6399
8385
11540
6133
8173
7471
7194
8768
7552
6936
8122
9167
7991
9217
7417
9665
11534
7111
10000
11238
6890
8497
7623
7948
8095
11308
11426
7764
7879
8293
11085
11586
9883
10884
6521
7049
11329
8057
11731
9742
6734
6148
10250
6902
10550
7807
8502
9200
11229
8188
7955
9254
9691
9276
8648
9661
10178
9938
7911
10606
10914
10644
11581
9762
7460
6957
6298
7404
10599
9880
6046
7093
8827
10567
10801
11072
7719
6183
8748
8398
7698
9142
7765
6921
7873
11591
10600
6639
7585
9574
8790
8659
7317
11013
10784
6159
9198
10603
9639
9538
7555
11069
10617
6063
8163
10225
7414
11333
10728
11725
8470
7451
11574
9952
6452
10581
9124
10949
10366
8226
6175
8443
8610
7384
7079
10760
7649
7774
9433
11087
9439
7850
8959
7023
7964
7156
8053
9595
8294
11278
7604
7035
8302
7812
6828
8440
11256
8627
8608
9348
10683
6364
11674
11984
7661
10102
9357
8009
9906
7229
11345
6791
8758
11618
10550
8660
7240
6020
8790
10390
8287
11688
11458
11742
10473
7415
7672
6876
11135
9822
10528
9461
11330
10206
6932
7877
9771
9843
7313
10923
7898
7815
11352
7918
6607
7687
8174
9155
9511
10516
8485
8612
8030
11606
9165
10554
11144
8249
8291
6882
10884
7599
7895
9388
9982
9680
10372
7187
8454
10102
10006
7370
11622
6684
8499
11001
7391
6832
7972
8219
8224
7414
6358
10758
8607
9691
10997
6868
11909
11317
10386
9740
8786
7432
10792
10500
9588
9978
11017
10264
6597
10718
8392
10707
9100
9771
8230
6267
10522
10358
11545
6506
11950
11195
8270
8649
10994
7192
9394
11776
9821
6837
7962
6483
6540
7251
9408
11874
6176
11431
6767
7415
10300
6751
7061
11590
9810
10246
7761
10624
10946
9542
11336
11093
7890
11878
6505
9832
8517
11800
11846
8671
10008
8861
10314
9309
11607
8218
10961
9008
7063
10067
9634
10376
9390
8993
11644
10660
6217
11175
7140
8168
11166
10652
7966
8175
6542
11885
6314
9009
7688
7294
8577
7751
11616
6823
6147
7506
7142
7598
10909
7238
7231
8239
10082
10376
10108
7698
11067
7506
10065
11827
8859
8582
9964
6017
7734
7312
10012
7250
7432
11880
6206
6782
11912
6429
9167
10952
9703
10088
8477
9113
11853
6636
8010
6504
6010
7299
11189
8340
10494
8864
10099
6286
11344
6042
11193
8916
10039
11172
7936
6364
9234
9523
11211
8983
9841
10649
9281
8349
7820
11846
10149
8150
11065
11669
8623
6445
11989
9189
6470
9401
6052
10875
7541
11432
11458
10825
9570
10107
9114
6205
9036
9957
7507
7451
11553
9533
9742
7783
9761
7556
7405
10740
10710
11459
8960
9368
7827
9700
9463
9041
6398
10239
7996
8291
6017
7240
11359
8418
6561
11750
10524
11049
11016
10584
6558
8717
8454
9259
8272
6582
10927
6939
6022
9970
8154
6269
8910
11634
6245
10771
10336
10535
10939
11939
11739
10119
11485
10200
8934
7555
8439
7645
6176
11088
9600
9381
9316
7361
9392
9345
8938
6921
11637
8604
6126
6032
8381
6773
11924
11544
7326
7503
10817
7373
11074
11396
7550
6463
7579
11239
11903
11571
9874
11894
8689
6916
6149
6242
7823
6092
6825
10781
6644
6176
10609
6435
11602
6283
9226
9256
9390
6688
7596
7934
8936
7076
6195
10120
7863
7715
7592
9267
8652
10181
6379
8753
11785
10718
7130
10405
8095
9711
8969
9069
9845
9198
9872
11026
11963
6048
6958
8920
9224
11181
10472
10186
9806
8917
9073
11888
11991
10702
10545
7426
8188
8602
9569
7313
10665
11225
6223
7430
7915
8564
10960
8672
6121
11244
11514
11458
8884
11002
11295
7041
10983
6775
6332
8228
7440
11550
10262
11046
9329
9784
11101
7275
9320
7463
10461
10193
7789
11643
6671
10158
11924
9731
8908
6300
8912
10938
8442
8088
6832
8945
10352
7960
6856
11730
11725
9174
11755
8854
9447
11157
8469
11043
9726
9348
10094
6988
9916
10649
10549
8816
11383
7856
8838
6889
7645
10550
6167
11036
10598
9751
9089
7903
7139
7194
9516
6687
8748
10107
10307
8745
8666
6356
8177
6468
10617
10671
10222
7941
11147
11118
9649
7781
11695
9026
6535
9991
10549
6739
6811
8975
10717
11460
11665
10349
11804
11282
6124
6621
10040
10187
8977
11982
8823
7179
10576
9487
10635
9925
9146
6615
6921
6564
7278
9618
9240
9179
7615
7822
11672
10008
10693
7018
10432
6176
9515
8192
8682
11891
6232
6078
7216
7547
11513
10667
9712
11529
10094
11779
7636
10858
7930
8216
11863
11360
6429
7363
8258
11366
6949
6147
11239
9171
10019
7087
11209
6950
9939
10223
10948
6131
9602
8679
8640
9786
6742
6725
10021
9897
9304
9445
10364
11790
7111
8886
9207
6937
6210
7460
8611
9334
7493
9317
6565
6128
6700
6824
6227
8519
7625
7509
11118
7070
8307
10769
9626
10084
9595
9408
10971
8409
10090
7619
11691
10214
9968
6620
6798
7563
11000
8556
8997
7120
7409
6466
11228
11346
11751
11175
7945
10479
8043
10265
7216
7669
9434
6722
10299
11994
7187
7335
11269
8304
6005
7927
6362
9354
9792
8541
6153
11228
9660
11169
9624
6060
6735
9174
8585
9191
8454
11076
9085
10777
6218
9483
7017
9635
7829
9631
11690
6413
9003
8202
8011
7257
11731
6632
9987
8479
7999
8038
6294
11192
11847
8960
6531
8481
10666
6368
6014
7380
8343
6891
10287
9705
6394
6853
11225
8393
11733
10675
10395
10823
7478
10648
11718
11811
10394
7019
6505
10374
7560
6593
11500
9193
9327
10143
6250
11785
10127
10305
8167
6339
11590
10976
11425
6355
7546
10773
6087
6576
6568
9332
9083
6748
8495
8925
6610
6815
11366
7644
10557
9809
10811
9729
6377
9090
10180
9278
9197
9272
11701
9539
8473
8311
11523
7226
7443
6851
6288
8376
6934
11016
11218
6720
9690
11974
7997
9222
8056
6913
8866
8463
7777
6449
11801
7105
9447
6090
11199
9331
10027
11823
11284
6608
11692
8300
7609
11763
9829
9126
11871
10951
7359
8832
6733
8926
9138
11519
8143
6466
9787
11161
11555
8986
10412
9170
9107
11235
9800
8168
9454
9256
9447
7865
9715
7217
6535
10853
7972
11384
11358
9587
10618
6309
10340
10234
6012
8430
7215
11324
8749
11595
7168
8233
11445
9010
6969
11273
9487
7280
11327
11571
8608
9199
9482
8710
8640
8045
10631
11939
9671
9141
8686
11289
11780
7021
10117
6384
11429
10885
8618
7662
8974
11530
6318
7301
7370
10637
11322
10635
11916
11247
7670
7681
11131
9109
7436
8654
6355
8295
11266
11900
9428
6701
8318
9724
6708
11615
9083
9502
11465
9950
10427
9209
7525
11376
8539
9021
10045
11787
11893
11516
7386
10330
11840
8682
11711
7705
10036
10415
11922
10533
8958
8145
10220
6932
11767
6950
7431
9146
8897
11036
10784
11553
8328
9851
9589
9208
10593
6830
6374
9028
7560
10101
9955
11614
8746
11342
11251
11097
8572
11927
7261
10369
11470
7666
9339
6168
10959
6505
8989
10489
10985
6484
11864
6664
11037
10989
7442
9866
8171
8445
10237
8369
7998
7172
6864
7099
6522
7946
6735
11192
6110
7562
11649
9064
10474
6319
8236
10343
9923
7007
6513
10811
8327
6537
11929
8688
6771
6886
8542
7423
8468
8685
11394
8194
6229
10937
9560
6406
6774
9250
10183
7207
8383
10291
11831
8675
8033
6666
10606
7552
10506
9697
11172
7616
10768
7632
11349
8453
6515
7948
7844
6664
11840
7165
8569
9257
8189
9515
11813
9861
8657
11513
8549
10668
6176
9674
11380
8982
7668
10888
10080
9111
10734
8687
6988
7920
7501
10996
11666
7782
9678
9959
6030
8223
7789
11541
11545
8554
6722
9942
7185
10923
6095
9587
9691
7837
8395
11132
8198
6723
9095
6868
9667
6275
8370
8483
9567
9972
7615
10901
8497
6020
6512
10054
8095
7399
9496
7616
8293
7922
11486
8172
11149
9244
9134
6206
8592
10350
9396
10955
