7879
11867
6529
7321
6763
6091
11113
8039
10867
8447
9283
9539
6113
9439
6203
7229
8053
9337
9137
7649
11177
8501
8527
11827
8369
11959
8819
7193
7489
8831
7669
7333
11087
11887
9227
6329
8447
11471
11789
7829
10771
7549
7643
9013
8839
7417
10289
6983
8527
11897
8123
8599
7039
10457
6581
9311
7741
8191
8369
10343
9293
6067
11177
6029
10789
9781
7297
11549
10133
11159
8111
6781
11959
8209
9043
6317
9769
11863
9319
9257
10667
9949
11839
7703
9421
6841
11527
6379
7951
6473
10259
8563
8233
7283
9473
9319
11117
11981
11867
7451
9241
11933
10253
10667
8681
9043
11731
8719
8423
10141
8933
8597
8707
6047
10847
10243
10903
10847
8837
11489
6473
11069
7121
10067
6277
6673
6203
8243
7583
7247
11801
9473
7727
8167
7187
7901
9689
7451
6673
10847
10687
6829
6173
10909
10037
7193
9439
7079
10321
11587
11551
11243
11801
8009
8447
9181
8233
11257
6949
9337
6967
9397
7789
10667
6221
11813
11939
7589
9619
10853
6961
8971
11069
6203
10457
7321
6971
11717
6311
6361
8317
6073
7013
10639
6841
6367
11969
9613
6173
11699
11057
11971
9371
9181
10597
10487
10957
8543
7829
11827
7457
7561
7039
10169
9433
10061
7481
7873
8663
10103
7121
9601
6067
10513
8059
6427
9511
11317
11731
9011
10093
10613
11969
7459
9749
6271
6247
8009
6551
8089
11969
8419
11813
8293
6079
7673
7283
6449
10169
10433
6661
8147
8707
11933
7883
6353
6829
10303
7603
7243
9511
9209
11863
8629
7541
10259
11807
8629
10853
6451
8933
7717
7193
11447
11119
11933
7283
11731
8081
10321
11443
11971
9851
7333
8389
6619
7247
9491
7621
10937
11057
6133
6967
7487
9421
7639
8807
6911
6247
9433
6997
6841
7459
7027
9341
7699
6553
8731
9001
8467
8887
10891
11131
11423
6257
6637
8707
11953
8011
11617
7717
8971
9209
8501
9883
8123
11161
6359
11593
7457
11003
10939
7411
8599
7333
9767
10211
9439
9421
9689
11657
8269
8167
7817
7919
11549
6047
7753
10099
11251
7187
6163
7933
10247
10973
9551
6907
6317
8117
7507
11471
7243
9199
10979
11059
9371
11777
8803
10007
9677
6053
7229
9907
8629
9629
8111
7793
6427
9343
8237
9851
8369
6547
7457
8443
6971
6367
7057
8009
11897
10567
10069
8971
7753
6007
7591
6869
6073
11047
8627
6917
10859
11467
11731
11701
9767
9323
10463
8353
6841
10247
8893
6143
7933
7883
9767
10979
9421
6299
7639
10243
9439
9697
6131
7841
10987
8821
11027
7309
11959
6619
8831
7349
9413
7699
8011
8969
8951
8527
9221
11321
11549
8291
7529
8783
7691
9341
8923
8513
9181
7817
11057
9173
8599
11083
9967
9781
7321
7331
10259
8999
6367
7331
8513
9601
7643
11071
9181
9923
7411
6791
8147
8233
6983
9629
6689
10103
10589
8011
6673
11131
6991
6961
7309
11299
8707
11113
8293
8731
10039
11317
7039
7577
7129
6637
9629
9739
11369
11173
10453
8017
9161
6143
9733
10427
6703
8009
7873
6053
6673
7297
9623
11177
11329
11597
11699
9697
7883
10139
7187
9749
8543
9907
10687
11821
6581
6673
9661
9001
6917
9277
10891
7547
11251
10369
10159
7523
8053
9187
9241
11251
10663
6581
9337
9463
11777
10069
7549
7307
9257
10847
8219
11093
8387
7583
9629
7547
7753
10903
11273
11437
7789
6961
7517
11239
10271
10457
8681
6637
9739
8849
6917
10211
11353
10463
11987
8563
9619
10477
8623
8647
9439
7643
11833
11411
8699
11927
8329
11939
11383
9029
11831
6143
6217
6661
9007
9887
6151
7583
6563
9923
11621
7297
9467
7013
11491
10223
11971
7669
8609
8363
6703
8807
8951
7703
9677
11779
11321
10789
10687
7591
9349
10613
6037
7451
11177
7451
6131
8363
6947
9901
9011
8647
6073
6949
11069
11393
11119
8537
6361
7583
9551
9173
7541
7573
11197
11689
8641
11689
8581
10369
8677
10909
7393
6701
9341
11093
11887
9181
10973
8089
10163
11369
11393
10559
6763
8999
9833
11399
10039
10313
7717
11279
11131
10169
7411
10789
10477
7727
8563
10939
11813
11353
10847
11351
8293
6983
11321
6661
10111
8783
8363
6779
6199
9187
9199
10463
7759
11987
6011
11813
6679
10093
11699
7727
6449
11117
7393
6473
8951
6263
6911
8231
9203
9049
10093
9103
10993
11243
7603
8513
7591
7297
7549
8101
8543
11587
7499
10903
10883
6173
6763
11273
8699
7297
7547
8819
11243
10369
10477
6091
9391
11689
11299
8011
7001
8693
7907
7877
9601
6761
10151
9661
7001
6029
9431
6067
6277
6011
8647
9293
11587
7459
10093
11489
11317
11677
7547
8563
8677
9109
7219
8693
11831
11161
10369
8233
11159
9281
6689
9413
10847
9293
6163
10667
10069
7907
7027
7673
8819
7727
11093
10993
6637
8537
10091
11981
7333
9791
11117
10799
6421
6301
8087
7877
10753
11261
11939
8693
6899
9431
7229
11743
9949
11789
6091
10903
9311
6217
9923
7369
6547
6043
11779
6691
9239
8887
7919
10321
8677
9277
6529
11197
6673
11621
11813
9851
9209
9437
11831
9857
11489
10091
6863
6469
10247
9091
11801
11633
6737
7013
7159
8719
11593
9967
9721
11059
8311
10267
10859
11551
7457
7321
11353
11969
6569
11923
10453
8627
10079
7229
11657
9769
10067
10957
8831
6791
8467
9203
11161
6101
9161
11677
10667
11071
6091
7309
7517
9293
8539
9887
6823
6079
10589
6961
8861
11839
11783
11953
9677
8011
11821
10739
10069
11887
9851
10163
9049
8831
10723
8513
9437
8563
11549
8059
9857
9689
8539
9871
7577
6607
6961
7901
10037
9721
8677
9137
11699
8521
10499
7333
8287
10487
10061
10067
7927
10321
7883
7757
7309
8513
9067
7591
10289
8761
6907
6833
9649
6449
9227
8641
8059
8969
7159
7411
6301
10177
7351
6311
11987
6173
6673
6361
6163
8747
6427
6833
6131
10831
11329
7213
9199
7057
8669
8543
6091
8563
11083
10243
7211
10613
6037
8887
8243
8093
8941
9151
9883
8167
11579
6317
9479
9277
11443
10859
11483
9511
8563
7193
11251
8951
11239
6143
11701
8311
7103
11833
7759
11131
9871
8839
9467
8707
10223
8089
6991
7829
6911
11351
8179
10867
11579
8387
8243
7759
6737
9923
7573
8783
10513
6793
8423
6211
7703
11057
6367
6427
6709
9883
10037
9547
8677
6079
8101
6827
7793
10781
9649
8273
10433
9791
6823
10987
6079
7489
11491
11831
10211
10391
8663
11251
6803
7517
7013
8167
11083
8389
11443
6043
7877
7699
8581
6737
8059
7547
9029
7187
8429
7001
7283
7489
11279
6229
7577
6173
6037
7699
9929
6427
10289
7177
10133
11317
7351
9811
11213
9533
8521
7247
6689
6101
11939
11593
9539
6329
10169
6917
11161
8017
9007
7069
7673
6337
9283
9967
10303
11939
11689
9337
9689
7717
6287
11093
9341
11633
11677
10133
6329
10909
11213
9497
9631
6883
10723
8363
11299
10883
11863
9871
10847
8209
9883
11003
8431
7079
6691
6211
6967
9601
11657
7307
10513
8233
11483
11119
11519
11087
9619
7349
11969
9749
11987
8713
6133
8641
11839
8363
8179
11071
6079
9059
9277
6361
7237
8713
10253
7873
11131
10639
10723
6959
10613
11317
8839
8563
6563
8287
7523
10007
7529
11243
11353
8929
11867
6491
9587
7591
7109
7607
9733
11149
8929
6709
10243
9479
11057
6221
6221
9257
10331
7237
7043
7187
7451
9349
7369
9257
9811
6421
11311
8627
6361
11981
6607
11351
10861
7591
8963
9851
10459
10739
11633
7043
6703
7307
11321
7159
9743
8101
6311
11423
9473
7949
10139
11519
6257
9941
9437
11933
9067
11699
10949
8377
11801
7109
9643
11617
6779
8783
8887
8317
6599
9221
8461
7589
8543
6121
6299
10369
9811
7561
11119
9157
6833
9689
6337
9001
8963
10729
9133
10613
7451
7193
11321
6521
8647
7963
9473
8501
7069
8867
11527
10709
10427
9743
11717
10973
9623
10369
11161
10159
10093
11279
9649
10601
10313
10391
10711
11503
6949
9749
6949
6079
7321
11719
6173
10169
9029
9473
6373
11839
9203
6691
9221
11329
11071
10133
9767
8081
6007
6133
9677
9007
7741
10733
8747
9181
7699
9791
10771
7019
11783
10739
10343
9743
10799
11959
10399
8747
9187
6067
9103
10613
9157
7537
9721
9161
11239
7841
6211
6277
6761
8599
8363
7867
8219
9041
8609
7309
8527
11351
7529
10039
10937
11083
11393
10273
10781
7283
7207
10513
9431
11833
11393
9209
9491
7433
10343
6761
8837
11903
8461
6121
8999
9341
11777
9463
9343
6217
7759
9887
9749
9209
9769
10067
9281
6271
6007
7649
10093
10163
11251
9613
11149
6577
11897
7013
8867
10103
9787
7927
8167
6983
10487
7243
11549
7561
9403
10883
7333
10657
10487
8761
8693
10939
10771
11383
6389
11443
7757
7333
9949
7829
6701
6311
11273
11839
11719
6007
7213
10463
8243
9419
7841
6949
10837
8093
8461
6133
7417
7879
8293
9883
6521
11329
11731
9661
10567
7873
11069
7451
10949
8443
7079
7649
9433
11087
9439
8053
8627
8009
7229
6791
8287
9461
7877
6607
7687
9511
8291
7187
8219
11909
11317
11093
8861
10067
6217
6823
10909
11827
10099
10039
9281
8623
7541
7507
7451
9533
9463
9041
8291
6269
10771
10939
11939
11239
11903
8689
7823
10781
10181
6379
8753
8969
6121
10193
7789
11383
9649
7547
10667
11779
11863
6949
11239
10223
6131
7669
7187
7927
7829
9631
8011
11731
7019
8167
11701
9539
8311
6449
11801
9829
6733
11519
9787
11161
10853
9587
8233
11273
9199
10631
11939
7681
11131
9109
6701
10427
9209
8539
9851
11251
11927
10369
8171
8369
10343
9923
6229
10937
7207
11831
9697
9257
11813
7789
9587
8293
11149
